Departamento;Nombre Departamento;Municipio;Nombre Municipio;T2018;T2019;T2020;C2018;C2019;C2020;CP_Resto2018;CP_Resto2019;CP_Resto2020;Latitud;Longitud
5;Antioquia;5001;Medellín;2427129;2483545;2533424;2382399;2439470;2490164;44730;44075;43260;-74.88681663;5.610109776
5;Antioquia;5002;Abejorral;20367;20258;20287;7674;7777;7910;12693;12481;12377;-75.4287381;5.789304485
5;Antioquia;5004;Abriaquí;2695;2710;2735;824;833;847;1871;1877;1888;-76.06470346;6.631806452
5;Antioquia;5021;Alejandría;4657;4669;4698;2485;2564;2637;2172;2105;2061;-75.1413329;6.376065676
5;Antioquia;5030;Amagá;30227;30777;31283;14184;14732;15246;16043;16045;16037;-75.70194607;6.038808575
5;Antioquia;5031;Amalfi;25962;26552;27071;14508;15071;15599;11454;11481;11472;-75.08252428;6.912304726
5;Antioquia;5034;Andes;43269;43713;44199;20250;20851;21456;23019;22862;22743;-75.87879189;5.656774852
5;Antioquia;5036;Angelópolis;5756;5790;5841;2168;2252;2331;3588;3538;3510;-75.71135114;6.109614368
5;Antioquia;5038;Angostura;11437;11462;11536;2628;2634;2658;8809;8828;8878;-75.33511597;6.885174591
5;Antioquia;5040;Anorí;18321;18737;19104;7634;8003;8335;10687;10734;10769;-75.14834842;7.074707669
5;Antioquia;5042;Santa Fé de Antioquia;26164;26598;27002;16351;16985;17580;9813;9613;9422;-75.82707907;6.556533296
5;Antioquia;5044;Anzá;7010;7085;7169;1258;1294;1330;5752;5791;5839;-75.85444158;6.302658359
5;Antioquia;5045;Apartadó;121003;124647;127744;98454;102946;107271;22549;21701;20473;-76.62596065;7.883417406
5;Antioquia;5051;Arboletes;29295;29942;30510;9747;10110;10450;19548;19832;20060;-76.4270568;8.850567734
5;Antioquia;5055;Argelia;7689;7577;7545;3412;3473;3545;4277;4104;4000;-75.14174146;5.730671879
5;Antioquia;5059;Armenia;5139;5085;5074;1716;1738;1771;3423;3347;3303;-75.78683783;6.155818729
5;Antioquia;5079;Barbosa;51969;53242;54347;22174;23078;23921;29795;30164;30426;-75.33164423;6.439226882
5;Antioquia;5086;Belmira;6000;6054;6116;1623;1654;1689;4377;4400;4427;-75.66737413;6.606159502
5;Antioquia;5088;Bello;522264;538527;552154;495483;516826;536427;26781;21701;15727;-75.55466507;6.334068836
5;Antioquia;5091;Betania;10323;10274;10284;3601;3638;3697;6722;6636;6587;-75.97554408;5.74474718
5;Antioquia;5093;Betulia;15607;15736;15896;4274;4396;4522;11333;11340;11374;-75.98451587;6.115255594
5;Antioquia;5101;Ciudad Bolívar;26118;26160;26313;15604;15915;16283;10514;10245;10030;-76.02150921;5.850273232
5;Antioquia;5107;Briceño;8039;8065;8120;2552;2663;2765;5487;5402;5355;-75.54813022;7.114882947
5;Antioquia;5113;Buriticá;9354;9502;9634;2235;2306;2370;7119;7196;7264;-75.90753473;6.719735175
5;Antioquia;5120;Cáceres;28996;29716;30356;5355;5563;5758;23641;24153;24598;-75.35235749;7.578315451
5;Antioquia;5125;Caicedo;8297;8420;8536;1657;1710;1761;6640;6710;6775;-75.98281889;6.405567003
5;Antioquia;5129;Caldas;79638;81658;83423;62987;65271;67400;16651;16387;16023;-75.63361872;6.091296966
5;Antioquia;5134;Campamento;9203;9202;9243;2466;2562;2651;6737;6640;6592;-75.29808843;6.979777682
5;Antioquia;5138;Cañasgordas;15523;15490;15552;5076;5165;5274;10447;10325;10278;-76.03220994;6.759477684
5;Antioquia;5142;Caracolí;4582;4537;4532;2739;2756;2794;1843;1781;1738;-74.75744944;6.409854727
5;Antioquia;5145;Caramanta;4743;4670;4648;2190;2185;2204;2553;2485;2444;-75.64386845;5.548530404
5;Antioquia;5147;Carepa;47932;49659;51143;33009;35217;37144;14923;14442;13999;-76.65321034;7.755116346
5;Antioquia;5148;El Carmen de Viboral;59416;61122;62581;34187;35769;37196;25229;25353;25385;-75.33536246;6.084551516
5;Antioquia;5150;Carolina;3954;3954;3972;2929;2971;3026;1025;983;946;-75.28317011;6.725977146
5;Antioquia;5154;Caucasia;90213;93044;95427;76772;80886;84654;13441;12158;10773;-75.19829033;7.977362333
5;Antioquia;5172;Chigorodó;57375;58684;59836;47046;48871;50581;10329;9813;9255;-76.6812164;7.666300439
5;Antioquia;5190;Cisneros;9775;9844;9936;8415;8571;8755;1360;1273;1181;-75.08720761;6.537761957
5;Antioquia;5197;Cocorná;15444;15042;14833;6293;6502;6694;9151;8540;8139;-75.18548101;6.058306335
5;Antioquia;5206;Concepción;4797;4760;4758;1908;1975;2038;2889;2785;2720;-75.2576027;6.394347095
5;Antioquia;5209;Concordia;21377;21504;21688;7349;7492;7662;14028;14012;14026;-75.90750472;6.046568573
5;Antioquia;5212;Copacabana;77884;80000;81820;62343;64739;66981;15541;15261;14839;-75.5093439;6.348640545
5;Antioquia;5234;Dabeiba;23044;23255;23509;9042;9194;9380;14002;14061;14129;-76.26297665;7.00032194
5;Antioquia;5237;Donmatías;18902;19332;19709;12081;12550;12989;6821;6782;6720;-75.39272406;6.484469957
5;Antioquia;5240;Ebéjico;12158;12108;12134;2229;2270;2319;9929;9838;9815;-75.76622047;6.326056658
5;Antioquia;5250;El Bagre;51862;52925;53846;32823;33949;34991;19039;18976;18855;-74.79909729;7.597521794
5;Antioquia;5264;Entrerríos;11159;11465;11728;5643;5907;6146;5516;5558;5582;-75.5178008;6.566481448
5;Antioquia;5266;Envigado;228848;236114;242197;215766;225374;234143;13082;10740;8054;-75.58301014;6.167004552
5;Antioquia;5282;Fredonia;24408;24553;24754;8031;8131;8279;16377;16422;16475;-75.6705064;5.924368006
5;Antioquia;5284;Frontino;20739;20657;20700;8639;8817;9020;12100;11840;11680;-76.13076514;6.776065912
5;Antioquia;5306;Giraldo;5544;5652;5750;2061;2141;2216;3483;3511;3534;-75.95215756;6.680808016
5;Antioquia;5308;Girardota;51662;53162;54439;28652;29845;30958;23010;23317;23481;-75.44446221;6.379613834
5;Antioquia;5310;Gómez Plata;9753;9828;9921;5017;5167;5318;4736;4661;4603;-75.2200382;6.683287586
5;Antioquia;5313;Granada;10117;9870;9764;5541;5447;5399;4576;4423;4365;-75.18444508;6.142896667
5;Antioquia;5315;Guadalupe;6560;6607;6665;2223;2295;2362;4337;4312;4303;-75.24001859;6.814263455
5;Antioquia;5318;Guarne;55121;56774;58159;18342;19066;19745;36779;37708;38414;-75.44165392;6.278064077
5;Antioquia;5321;Guatapé;8363;8548;8709;5420;5608;5782;2943;2940;2927;-75.16229259;6.232592707
5;Antioquia;5347;Heliconia;5451;5400;5395;2318;2362;2415;3133;3038;2980;-75.73432238;6.206757461
5;Antioquia;5353;Hispania;5469;5530;5591;3416;3527;3635;2053;2003;1956;-75.90658827;5.799461575
5;Antioquia;5360;Itagüí;276744;283794;289994;247918;257026;265527;28826;26768;24467;-75.61435871;6.169597629
5;Antioquia;5361;Ituango;27074;27419;27789;7074;7264;7459;20000;20155;20330;-75.76467317;7.17162903
5;Antioquia;5364;Jardín;14518;14662;14830;7659;7851;8053;6859;6811;6777;-75.81898092;5.597541741
5;Antioquia;5368;Jericó;13640;13637;13706;7619;7766;7937;6021;5871;5769;-75.78549855;5.789747931
5;Antioquia;5376;La Ceja;64889;66746;68325;54820;57342;59630;10069;9404;8695;-75.42943089;6.028055744
5;Antioquia;5380;La Estrella;71545;73696;75517;60997;63364;65582;10548;10332;9935;-75.64519038;6.15841974
5;Antioquia;5390;La Pintada;8114;8298;8460;7060;7343;7611;1054;955;849;-75.60781026;5.743807479
5;Antioquia;5400;La Unión;21475;21963;22391;12724;13326;13870;8751;8637;8521;-75.3608659;5.973868218
5;Antioquia;5411;Liborina;10028;10040;10090;2296;2316;2348;7732;7724;7742;-75.81283227;6.677323053
5;Antioquia;5425;Maceo;8221;8218;8248;3093;3147;3211;5128;5071;5037;-74.78716148;6.552116913
5;Antioquia;5440;Marinilla;64645;66399;67893;44230;46348;48258;20415;20051;19635;-75.33947788;6.172269255
5;Antioquia;5467;Montebello;6680;6635;6641;1866;1911;1960;4814;4724;4681;-75.52351091;5.946325567
5;Antioquia;5475;Murindó;4911;5088;5234;1760;1813;1860;3151;3275;3374;-76.81745806;6.977691853
5;Antioquia;5480;Mutatá;13991;14196;14389;5091;5317;5525;8900;8879;8864;-76.4358754;7.242875057
5;Antioquia;5483;Nariño;10153;9997;9947;3116;3149;3195;7037;6848;6752;-75.17626132;5.610774585
5;Antioquia;5490;Necoclí;42281;43257;44118;10955;11420;11861;31326;31837;32257;-76.7845745;8.426135983
5;Antioquia;5495;Nechí;25790;26652;27354;13174;13811;14388;12616;12841;12966;-74.77647012;8.094128661
5;Antioquia;5501;Olaya;3127;3150;3175;217;223;230;2910;2927;2945;-75.81229873;6.627525738
5;Antioquia;5541;Peñol;21049;21427;21769;11022;11453;11857;10027;9974;9912;-75.24282171;6.219450549
5;Antioquia;5543;Peque;8097;8186;8285;2296;2402;2498;5801;5784;5787;-75.91034556;7.021017918
5;Antioquia;5576;Pueblorrico;8664;8681;8735;4450;4550;4664;4214;4131;4071;-75.84077355;5.791786032
5;Antioquia;5579;Puerto Berrío;39314;40048;40713;32623;33869;35038;6691;6179;5675;-74.40994553;6.48704114
5;Antioquia;5585;Puerto Nare;14380;14384;14440;4381;4550;4708;9999;9834;9732;-74.58301201;6.186024828
5;Antioquia;5591;Puerto Triunfo;18055;18550;18970;2926;3039;3146;15129;15511;15824;-74.64126293;5.871212959
5;Antioquia;5604;Remedios;28415;29061;29629;11632;12173;12663;16783;16888;16966;-74.69594426;7.026094053
5;Antioquia;5607;Retiro;23514;24185;24757;12479;13051;13568;11035;11134;11189;-75.50137516;6.063379954
5;Antioquia;5615;Rionegro;135465;139553;142995;83007;86786;90256;52458;52767;52739;-75.37676938;6.14722409
5;Antioquia;5628;Sabanalarga;9032;9155;9278;2955;3071;3179;6077;6084;6099;-75.81664609;6.85002589
5;Antioquia;5631;Sabaneta;82375;85484;87981;70401;74142;77424;11974;11342;10557;-75.61558529;6.150970181
5;Antioquia;5642;Salgar;18258;18218;18261;6718;6872;7044;11540;11346;11217;-75.98204854;5.96564031
5;Antioquia;5647;San Andrés de Cuerquía;7235;7240;7281;2848;2939;3029;4387;4301;4252;-75.67473253;6.916808512
5;Antioquia;5649;San Carlos;16247;15940;15811;7362;7287;7274;8885;8653;8537;-74.98795256;6.187991569
5;Antioquia;5652;San Francisco;5648;5776;5889;2486;2582;2673;3162;3194;3216;-75.10268697;5.964079131
5;Antioquia;5656;San Jerónimo;15361;15710;16017;6704;6972;7222;8657;8738;8795;-75.72700058;6.448066608
5;Antioquia;5658;San José de La Montaña;3646;3706;3765;2353;2392;2441;1293;1314;1324;-75.68335163;6.850090299
5;Antioquia;5659;San Juan de Urabá;20093;20549;20950;6624;6881;7122;13469;13668;13828;-76.52879434;8.759341801
5;Antioquia;5660;San Luis;12995;13035;13123;7408;7676;7925;5587;5359;5198;-74.993641;6.042983285
5;Antioquia;5664;San Pedro de Los Milagros;21949;22447;22885;11756;12405;12996;10193;10042;9889;-75.55671915;6.460138599
5;Antioquia;5665;San Pedro de Urabá;30932;31571;32147;12494;13179;13832;18438;18392;18315;-76.38057789;8.276886664
5;Antioquia;5667;San Rafael;15698;15632;15663;7891;7946;8033;7807;7686;7630;-75.02798382;6.293754876
5;Antioquia;5670;San Roque;21519;21533;21597;6481;6698;6909;15038;14835;14688;-75.01915757;6.485948936
5;Antioquia;5674;San Vicente Ferrer;22093;22258;22469;5464;5718;5971;16629;16540;16498;-75.33261381;6.282155852
5;Antioquia;5679;Santa Bárbara;26784;26944;27186;12083;12440;12804;14701;14504;14382;-75.56735178;5.875533398
5;Antioquia;5686;Santa Rosa de Osos;36318;37143;37869;19896;20790;21602;16422;16353;16267;-75.46074502;6.643326001
5;Antioquia;5690;Santo Domingo;12394;12326;12324;2808;2811;2830;9586;9515;9494;-75.16778371;6.474843293
5;Antioquia;5697;El Santuario;35422;36043;36605;24614;25604;26525;10808;10439;10080;-75.26584979;6.137046858
5;Antioquia;5736;Segovia;37900;38692;39379;30133;31301;32396;7767;7391;6983;-74.70159107;7.079639679
5;Antioquia;5756;Sonsón;36321;36394;36625;17169;17442;17787;19152;18952;18838;-75.30939515;5.714811641
5;Antioquia;5761;Sopetrán;15053;15293;15512;6522;6713;6901;8531;8580;8611;-75.74725636;6.500985773
5;Antioquia;5789;Támesis;16281;16193;16201;7256;7404;7572;9025;8789;8629;-75.71432069;5.664466636
5;Antioquia;5790;Tarazá;26964;27517;27995;12657;13148;13608;14307;14369;14387;-75.40140596;7.580120815
5;Antioquia;5792;Tarso;6184;6194;6231;3324;3411;3500;2860;2783;2731;-75.82321448;5.863295751
5;Antioquia;5809;Titiribí;10775;10716;10719;4591;4769;4936;6184;5947;5783;-75.79154901;6.060980082
5;Antioquia;5819;Toledo;4993;5005;5043;1700;1741;1779;3293;3264;3264;-75.69144241;7.010154029
5;Antioquia;5837;Turbo;124552;127565;130191;48787;50679;52453;75765;76886;77738;-76.72915844;8.089116411
5;Antioquia;5842;Uramita;6888;6875;6899;2111;2154;2202;4777;4721;4697;-76.17340916;6.898494111
5;Antioquia;5847;Urrao;30127;30484;30876;15918;16418;16917;14209;14066;13959;-76.13394867;6.317319591
5;Antioquia;5854;Valdivia;13801;13950;14102;3637;3778;3910;10164;10172;10192;-75.43919844;7.16534
5;Antioquia;5856;Valparaíso;6498;6462;6472;3639;3705;3784;2859;2757;2688;-75.62445889;5.614550725
5;Antioquia;5858;Vegachí;11810;11910;12039;8055;8323;8571;3755;3587;3468;-74.79872695;6.77344632
5;Antioquia;5861;Venecia;11602;11636;11715;5089;5215;5352;6513;6421;6363;-75.73550324;5.964733583
5;Antioquia;5873;Vigía del Fuerte;9093;9265;9423;3102;3201;3292;5991;6064;6131;-76.89618698;6.588119845
5;Antioquia;5885;Yalí;7608;7630;7681;3587;3649;3723;4021;3981;3958;-74.84004673;6.676567272
5;Antioquia;5887;Yarumal;41542;42116;42678;29049;29942;30827;12493;12174;11851;-75.41883314;6.963872352
5;Antioquia;5890;Yolombó;22538;23050;23501;6768;6930;7104;15770;16120;16397;-75.01335058;6.594592434
5;Antioquia;5893;Yondó;19040;19624;20110;9640;10130;10571;9400;9494;9539;-73.91245795;7.003940734
5;Antioquia;5895;Zaragoza;24651;25210;25703;11173;11606;12012;13478;13604;13691;-74.86707471;7.488583075
8;Atlántico;8001;Barranquilla;1206319;1243056;1274250;1205284;1242237;1273646;1035;819;604;-74.79525905;10.97592682
8;Atlántico;8078;Baranoa;62382;64949;67050;51730;53911;55697;10652;11038;11353;-74.91609981;10.79488048
8;Atlántico;8137;Campo de La Cruz;22879;23230;23567;19961;20134;20311;2918;3096;3256;-74.88315173;10.37924013
8;Atlántico;8141;Candelaria;15982;16648;17195;11461;11936;12325;4521;4712;4870;-74.8799126;10.46121723
8;Atlántico;8296;Galapa;60708;64260;67021;56167;59530;62159;4541;4730;4862;-74.8669381;10.919641
8;Atlántico;8372;Juan de Acosta;20999;21971;22752;13095;13742;14260;7904;8229;8492;-75.04079914;10.83018223
8;Atlántico;8421;Luruaco;28175;29348;30314;14251;14846;15333;13924;14502;14981;-75.14224614;10.61111642
8;Atlántico;8433;Malambo;128203;134468;139566;119878;125521;130135;8325;8947;9431;-74.77424057;10.85628724
8;Atlántico;8436;Manatí;19808;20698;21442;17499;18223;18815;2309;2475;2627;-74.95703499;10.44896238
8;Atlántico;8520;Palmar de Varela;28932;30094;31038;27728;28861;29786;1204;1233;1252;-74.75475789;10.73858326
8;Atlántico;8549;Piojó;6608;6873;7089;2812;2928;3022;3796;3945;4067;-75.10747012;10.74934442
8;Atlántico;8558;Polonuevo;18197;18941;19545;15111;15736;16247;3086;3205;3298;-74.85425725;10.77772451
8;Atlántico;8560;Ponedera;23848;24877;25728;13652;14217;14679;10196;10660;11049;-74.75390044;10.64179593
8;Atlántico;8573;Puerto Colombia;49264;51695;53649;42803;45119;46952;6461;6576;6697;-74.85196357;11.02294005
8;Atlántico;8606;Repelón;26200;27249;28102;17608;18307;18882;8592;8942;9220;-75.12548162;10.49334167
8;Atlántico;8634;Sabanagrande;32334;33858;35084;30739;32229;33437;1595;1629;1647;-74.75850721;10.79107595
8;Atlántico;8638;Sabanalarga;93261;97005;100049;69230;72224;74713;24031;24781;25336;-74.92109368;10.63283523
8;Atlántico;8675;Santa Lucía;16023;16624;17104;13676;14209;14638;2347;2415;2466;-74.95897145;10.32327321
8;Atlántico;8685;Santo Tomás;29829;31027;32000;28095;29258;30211;1734;1769;1789;-74.75411186;10.75605629
8;Atlántico;8758;Soledad;603999;638065;665021;602644;636953;664141;1355;1112;880;-74.78483338;10.91017447
8;Atlántico;8770;Suan;11940;12282;12572;11239;11518;11752;701;764;820;-74.88168748;10.33543138
8;Atlántico;8832;Tubará;17377;18190;18846;8774;9138;9436;8603;9052;9410;-74.97867947;10.87364774
8;Atlántico;8849;Usiacurí;12250;12743;13144;11394;11865;12251;856;878;893;-74.97698261;10.74297819
11;Bogotá. DC;11001;Bogotá. DC;7412566;7592871;7743955;7387400;7566185;7715778;25166;26686;28177;-74.107359;4.65017303
13;Bolívar;13001;Cartagena de Indias;973045;1003685;1028736;876885;897656;914552;96160;106029;114184;-75.49643103;10.38498552
13;Bolívar;13006;Achí;24352;24610;24900;5648;5728;5779;18704;18882;19121;-74.55706395;8.569110393
13;Bolívar;13030;Altos del Rosario;10972;11309;11585;4001;4097;4174;6971;7212;7411;-74.16504945;8.791606399
13;Bolívar;13042;Arenal;7365;7590;7775;4496;4611;4704;2869;2979;3071;-73.94111583;8.458630438
13;Bolívar;13052;Arjona;69503;71837;73730;55134;56558;57700;14369;15279;16030;-75.34448845;10.25663152
13;Bolívar;13062;Arroyohondo;8254;8504;8710;4719;4835;4929;3535;3669;3781;-75.01719268;10.24279848
13;Bolívar;13074;Barranco de Loba;14836;14996;15181;5722;5866;5980;9114;9130;9201;-74.10522428;8.947730158
13;Bolívar;13140;Calamar;22474;22794;23097;12718;12994;13218;9756;9800;9879;-74.91362928;10.25196336
13;Bolívar;13160;Cantagallo;8234;8488;8696;4520;4666;4801;3714;3822;3895;-73.91465024;7.3783156
13;Bolívar;13188;Cicuco;13442;13903;14302;8758;9016;9241;4684;4887;5061;-74.64549419;9.274745598
13;Bolívar;13212;Córdoba;15960;16225;16474;4206;4131;4091;11754;12094;12383;-74.82746263;9.586907918
13;Bolívar;13222;Clemencia;14511;15014;15453;12169;12553;12904;2342;2461;2549;-75.32851201;10.56754177
13;Bolívar;13244;El Carmen de Bolívar;70131;71428;72595;50844;51907;52792;19287;19521;19803;-75.12121573;9.718579864
13;Bolívar;13248;El Guamo;8647;8825;8984;4748;4797;4841;3899;4028;4143;-74.97611357;10.03091298
13;Bolívar;13268;El Peñón;7651;7884;8075;2886;2959;3018;4765;4925;5057;-73.9494155;8.988219476
13;Bolívar;13300;Hatillo de Loba;12317;12699;13012;3166;3253;3326;9151;9446;9686;-74.07836471;8.955614891
13;Bolívar;13430;Magangué;133270;137030;140156;92316;94586;96380;40954;42444;43776;-74.77017457;9.268563794
13;Bolívar;13433;Mahates;27692;28602;29355;10402;10563;10664;17290;18039;18691;-75.19133659;10.23325452
13;Bolívar;13440;Margarita;10673;10913;11110;1860;1870;1880;8813;9043;9230;-74.28082176;9.155550472
13;Bolívar;13442;María La Baja;46112;47389;48457;20451;20954;21352;25661;26435;27105;-75.30075935;9.982645517
13;Bolívar;13458;Montecristo;16389;17017;17604;4076;4171;4247;12313;12846;13357;-74.47170385;8.297136275
13;Bolívar;13468;Mompós;44442;45498;46408;23090;23379;23649;21352;22119;22759;-74.42786642;9.243883757
13;Bolívar;13473;Morales;22259;22846;23348;7293;7485;7638;14966;15361;15710;-73.86814048;8.276306771
13;Bolívar;13490;Norosí;9212;9587;9953;2314;2393;2470;6898;7194;7483;-74.03805913;8.525980787
13;Bolívar;13549;Pinillos;24218;24433;24706;3718;3814;3892;20500;20619;20814;-74.46240354;8.915452234
13;Bolívar;13580;Regidor;6723;6983;7227;4223;4381;4544;2500;2602;2683;-73.82163802;8.666257728
13;Bolívar;13600;Río Viejo;10598;10638;10736;5071;5202;5307;5527;5436;5429;-73.83994549;8.587627712
13;Bolívar;13620;San Cristóbal;8054;8330;8569;6221;6409;6575;1833;1921;1994;-75.06553417;10.39285577
13;Bolívar;13647;San Estanislao;18251;18729;19128;12528;12664;12791;5723;6065;6337;-75.15325792;10.3984757
13;Bolívar;13650;San Fernando;12536;12813;13025;2147;2202;2245;10389;10611;10780;-74.32386665;9.214179065
13;Bolívar;13654;San Jacinto;23913;24232;24552;20711;20924;21121;3202;3308;3431;-75.1210888;9.830219073
13;Bolívar;13655;San Jacinto del Cauca;9935;10305;10643;2566;2651;2732;7369;7654;7911;-74.72082643;8.251739321
13;Bolívar;13657;San Juan Nepomuceno;36874;37765;38529;27379;28016;28513;9495;9749;10016;-75.08135293;9.953454388
13;Bolívar;13667;San Martín de Loba;14774;14792;14897;7051;7206;7327;7723;7586;7570;-74.03901175;8.937090811
13;Bolívar;13670;San Pablo;27190;28043;28741;20829;22052;23062;6361;5991;5679;-73.92416855;7.476720672
13;Bolívar;13673;Santa Catalina;14563;14747;14948;5666;5792;5888;8897;8955;9060;-75.28776411;10.60505605
13;Bolívar;13683;Santa Rosa;20963;21766;22409;19356;19863;20268;1607;1903;2141;-75.36983166;10.44439608
13;Bolívar;13688;Santa Rosa del Sur;32646;33701;34568;19214;20230;20993;13432;13471;13575;-74.05284001;7.962854831
13;Bolívar;13744;Simití;18110;18678;19143;6063;6219;6345;12047;12459;12798;-73.94731196;7.954176376
13;Bolívar;13760;Soplaviento;10650;10733;10839;10455;10534;10635;195;199;204;-75.13642551;10.38845743
13;Bolívar;13780;Talaigua Nuevo;13108;13106;13181;6278;6328;6343;6830;6778;6838;-74.56762806;9.304889329
13;Bolívar;13810;Tiquisio;18035;18584;19034;6167;6363;6543;11868;12221;12491;-74.26354688;8.557741117
13;Bolívar;13836;Turbaco;105166;109813;113440;97294;100954;103755;7872;8859;9685;-75.42440917;10.33276916
13;Bolívar;13838;Turbaná;16403;16954;17412;12428;12742;12992;3975;4212;4420;-75.44250247;10.27440205
13;Bolívar;13873;Villanueva;23777;24581;25231;20769;21316;21753;3008;3265;3478;-75.27475439;10.44449833
13;Bolívar;13894;Zambrano;11880;12113;12322;10507;10599;10694;1373;1514;1628;-74.8138396;9.7469139
15;Boyacá;15001;Tunja;172548;176347;179263;163894;167883;171461;8654;8464;7802;-73.35548873;5.539953238
15;Boyacá;15022;Almeida;1910;1845;1807;321;327;333;1589;1518;1474;-73.3789331;4.970856509
15;Boyacá;15047;Aquitania;15377;15460;15546;5777;5899;6011;9600;9561;9535;-72.88398481;5.518603543
15;Boyacá;15051;Arcabuco;5831;5911;5978;2378;2430;2477;3453;3481;3501;-73.43818476;5.755184269
15;Boyacá;15087;Belén;7481;7500;7532;4495;4562;4630;2986;2938;2902;-72.91161957;5.989277861
15;Boyacá;15090;Berbeo;1596;1587;1582;406;418;429;1190;1169;1153;-73.12703215;5.22728723
15;Boyacá;15092;Betéitiva;1963;1943;1935;327;334;340;1636;1609;1595;-72.8090312;5.909907818
15;Boyacá;15097;Boavita;5059;4888;4797;2305;2288;2288;2754;2600;2509;-72.5849594;6.330652563
15;Boyacá;15104;Boyacá;5089;5103;5118;761;777;792;4328;4326;4326;-73.36230272;5.454237164
15;Boyacá;15106;Briceño;2198;2175;2163;487;492;498;1711;1683;1665;-73.9232597;5.690878897
15;Boyacá;15109;Buenavista;4409;4396;4396;757;775;791;3652;3621;3605;-73.94230522;5.512431151
15;Boyacá;15114;Busbanzá;1118;1138;1153;432;445;456;686;693;697;-72.88416175;5.831389532
15;Boyacá;15131;Caldas;3143;3127;3126;245;251;257;2898;2876;2869;-73.865541;5.554575079
15;Boyacá;15135;Campohermoso;3121;3082;3061;767;783;798;2354;2299;2263;-73.10416792;5.031660681
15;Boyacá;15162;Cerinza;3713;3703;3706;1653;1671;1691;2060;2032;2015;-72.94827585;5.956028189
15;Boyacá;15172;Chinavita;3209;3198;3194;1231;1234;1242;1978;1964;1952;-73.36847648;5.167483821
15;Boyacá;15176;Chiquinquirá;56054;57101;57935;49016;50054;51008;7038;7047;6927;-73.81838763;5.61412789
15;Boyacá;15180;Chiscas;3994;3924;3887;879;872;873;3115;3052;3014;-72.50183507;6.554050428
15;Boyacá;15183;Chita;8045;7881;7793;1976;1981;1993;6069;5900;5800;-72.47189235;6.187082996
15;Boyacá;15185;Chitaraque;5830;5843;5865;1158;1183;1207;4672;4660;4658;-73.4471004;6.027425133
15;Boyacá;15187;Chivatá;2788;2812;2834;470;480;489;2318;2332;2345;-73.28252944;5.558948845
15;Boyacá;15189;Ciénega;4635;4642;4655;1207;1233;1256;3428;3409;3399;-73.29606129;5.408702192
15;Boyacá;15204;Cómbita;12970;13140;13280;1286;1327;1360;11684;11813;11920;-73.32395642;5.634545314
15;Boyacá;15212;Coper;3619;3585;3571;862;881;898;2757;2704;2673;-74.04546072;5.474983018
15;Boyacá;15215;Corrales;2498;2523;2545;1561;1571;1586;937;952;959;-72.84479484;5.828102208
15;Boyacá;15218;Covarachía;2806;2742;2702;492;494;497;2314;2248;2205;-72.73897793;6.50017746
15;Boyacá;15223;Cubará;10319;10563;10750;2182;2243;2296;8137;8320;8454;-72.11068776;7.000092875
15;Boyacá;15224;Cucaita;3725;3759;3787;1457;1492;1526;2268;2267;2261;-73.45433765;5.544451559
15;Boyacá;15226;Cuítiva;1798;1804;1810;251;258;263;1547;1546;1547;-72.96592323;5.58036723
15;Boyacá;15232;Chíquiza;4684;4713;4744;332;339;346;4352;4374;4398;-73.44946261;5.639834305
15;Boyacá;15236;Chivor;2479;2504;2526;681;684;685;1798;1820;1841;-73.36689376;4.887781661
15;Boyacá;15238;Duitama;122436;124780;126670;107520;110030;112308;14916;14750;14362;-73.03060967;5.82298568
15;Boyacá;15244;El Cocuy;4215;4150;4115;2206;2198;2204;2009;1952;1911;-72.44472932;6.407716232
15;Boyacá;15248;El Espino;3061;3054;3054;1358;1362;1370;1703;1692;1684;-72.49700735;6.483027406
15;Boyacá;15272;Firavitoba;6662;6737;6802;2497;2515;2529;4165;4222;4273;-72.99336145;5.66892216
15;Boyacá;15276;Floresta;3266;3240;3231;1152;1174;1194;2114;2066;2037;-72.91811131;5.859519124
15;Boyacá;15293;Gachantivá;2789;2779;2778;557;569;580;2232;2210;2198;-73.54909239;5.751891082
15;Boyacá;15296;Gámeza;4850;4845;4851;1327;1323;1328;3523;3522;3523;-72.80552935;5.802337805
15;Boyacá;15299;Garagoa;17932;18144;18322;12358;12619;12859;5574;5525;5463;-73.36442756;5.083243463
15;Boyacá;15317;Guacamayas;1865;1843;1834;624;624;628;1241;1219;1206;-72.500812;6.459666516
15;Boyacá;15322;Guateque;10699;10809;10904;7631;7691;7767;3068;3118;3137;-73.47120697;5.007320895
15;Boyacá;15325;Guayatá;3400;3387;3391;1117;1125;1138;2283;2262;2253;-73.4896964;4.967122531
15;Boyacá;15332;Güicán de La Sierra;4279;4285;4301;1353;1348;1351;2926;2937;2950;-72.41176261;6.462863755
15;Boyacá;15362;Iza;1947;1972;1995;1160;1185;1207;787;787;788;-72.98017623;5.61169614
15;Boyacá;15367;Jenesano;7200;7274;7338;1696;1738;1777;5504;5536;5561;-73.36373756;5.385812845
15;Boyacá;15368;Jericó;3929;3900;3889;1201;1226;1250;2728;2674;2639;-72.57072349;6.145920383
15;Boyacá;15377;Labranzagrande;3526;3501;3493;1128;1154;1178;2398;2347;2315;-72.57777012;5.562687048
15;Boyacá;15380;La Capilla;2689;2686;2691;1012;1026;1041;1677;1660;1650;-73.4443474;5.095686992
15;Boyacá;15401;La Victoria;1118;1118;1117;400;408;416;718;710;701;-74.23439322;5.52379224
15;Boyacá;15403;La Uvita;2999;2831;2730;1277;1249;1235;1722;1582;1495;-72.5599847;6.316206406
15;Boyacá;15407;Villa de Leyva;16139;16617;16973;7897;8150;8365;8242;8467;8608;-73.5246846;5.632661849
15;Boyacá;15425;Macanal;4976;5027;5072;1134;1161;1186;3842;3866;3886;-73.31964224;4.972466063
15;Boyacá;15442;Maripí;5741;5697;5683;762;776;790;4979;4921;4893;-74.00404995;5.55009071
15;Boyacá;15455;Miraflores;8847;8937;9015;5270;5386;5492;3577;3551;3523;-73.14563048;5.196515115
15;Boyacá;15464;Mongua;4636;4620;4619;1992;1989;1996;2644;2631;2623;-72.79809049;5.754242228
15;Boyacá;15466;Monguí;4234;4266;4292;2327;2302;2292;1907;1964;2000;-72.84926001;5.723404072
15;Boyacá;15469;Moniquirá;22572;22821;23036;11539;11784;12008;11033;11037;11028;-73.57337039;5.876334811
15;Boyacá;15476;Motavita;5569;5641;5703;742;778;806;4827;4863;4897;-73.36784105;5.5776996
15;Boyacá;15480;Muzo;8597;8466;8394;5392;5474;5559;3205;2992;2835;-74.10275078;5.532462867
15;Boyacá;15491;Nobsa;15976;16238;16446;5026;5156;5277;10950;11082;11169;-72.93985317;5.771042624
15;Boyacá;15494;Nuevo Colón;5121;5172;5217;993;1018;1041;4128;4154;4176;-73.45713618;5.355145864
15;Boyacá;15500;Oicatá;2821;2858;2890;400;413;424;2421;2445;2466;-73.30840398;5.595234239
15;Boyacá;15507;Otanche;8018;8002;8004;3449;3522;3589;4569;4480;4415;-74.18096474;5.657535713
15;Boyacá;15511;Pachavita;2467;2447;2441;520;524;530;1947;1923;1911;-73.39695306;5.140064731
15;Boyacá;15514;Páez;3283;3256;3244;1353;1377;1398;1930;1879;1846;-73.05431038;5.095234631
15;Boyacá;15516;Paipa;33535;34177;34679;20021;20667;21222;13514;13510;13457;-73.11791688;5.77994187
15;Boyacá;15518;Pajarito;2390;2400;2414;960;977;994;1430;1423;1420;-72.70320992;5.293665206
15;Boyacá;15522;Panqueba;1717;1702;1697;810;825;838;907;877;859;-72.45920027;6.443075415
15;Boyacá;15531;Pauna;7185;7198;7212;2073;2112;2149;5112;5086;5063;-73.97844872;5.656322691
15;Boyacá;15533;Paya;2593;2616;2635;481;511;537;2112;2105;2098;-72.42377541;5.625698707
15;Boyacá;15537;Paz de Río;4285;4228;4198;2788;2757;2750;1497;1471;1448;-72.74913738;5.987644906
15;Boyacá;15542;Pesca;6852;6765;6730;2245;2240;2251;4607;4525;4479;-73.05087224;5.558807609
15;Boyacá;15550;Pisba;1763;1779;1793;527;547;564;1236;1232;1229;-72.48594682;5.721615112
15;Boyacá;15572;Puerto Boyacá;46736;47600;48271;32979;33792;34551;13757;13808;13720;-74.58799919;5.977934952
15;Boyacá;15580;Quípama;4889;4939;4982;1326;1354;1380;3563;3585;3602;-74.17772939;5.518370385
15;Boyacá;15599;Ramiriquí;9887;9988;10076;4053;4134;4210;5834;5854;5866;-73.33486896;5.400221644
15;Boyacá;15600;Ráquira;7877;7958;8028;2217;2374;2523;5660;5584;5505;-73.63249716;5.539065827
15;Boyacá;15621;Rondón;2407;2384;2373;600;613;624;1807;1771;1749;-73.20847397;5.357400116
15;Boyacá;15632;Saboyá;13588;13728;13849;978;999;1018;12610;12729;12831;-73.76466062;5.697733432
15;Boyacá;15638;Sáchica;5452;5578;5677;2567;2647;2715;2885;2931;2962;-73.54263447;5.583592497
15;Boyacá;15646;Samacá;18298;18588;18818;7075;7298;7486;11223;11290;11332;-73.48564359;5.492314591
15;Boyacá;15660;San Eduardo;1701;1676;1660;732;748;763;969;928;897;-73.077143;5.22395594
15;Boyacá;15664;San José de Pare;4988;4989;4999;978;1000;1020;4010;3989;3979;-73.54537245;6.018975771
15;Boyacá;15667;San Luis de Gaceno;5499;5476;5473;2444;2441;2450;3055;3035;3023;-73.16835942;4.819690447
15;Boyacá;15673;San Mateo;3332;3204;3131;1163;1158;1162;2169;2046;1969;-72.55526421;6.401683318
15;Boyacá;15676;San Miguel de Sema;3009;3006;3011;412;418;424;2597;2588;2587;-73.72200484;5.518086388
15;Boyacá;15681;San Pablo de Borbur;6608;6664;6716;745;759;772;5863;5905;5944;-74.06996448;5.650676396
15;Boyacá;15686;Santana;7565;7643;7710;2525;2576;2623;5040;5067;5087;-73.48122632;6.057413107
15;Boyacá;15690;Santa María;3559;3518;3498;2107;2078;2068;1452;1440;1430;-73.26351766;4.857192995
15;Boyacá;15693;Santa Rosa de Viterbo;13066;13205;13325;7937;8018;8106;5129;5187;5219;-72.98246092;5.874555597
15;Boyacá;15696;Santa Sofía;3179;3195;3212;1019;1036;1051;2160;2159;2161;-73.60270717;5.713269421
15;Boyacá;15720;Sativanorte;2221;2177;2153;680;679;682;1541;1498;1471;-72.70845816;6.131136111
15;Boyacá;15723;Sativasur;1097;1100;1105;302;306;310;795;794;795;-72.71243808;6.093182343
15;Boyacá;15740;Siachoque;6729;6747;6774;1117;1124;1135;5612;5623;5639;-73.24464901;5.511815055
15;Boyacá;15753;Soatá;9066;8908;8832;6407;6370;6381;2659;2538;2451;-72.68402498;6.331911937
15;Boyacá;15755;Socotá;7298;7231;7211;1428;1454;1477;5870;5777;5734;-72.63665338;6.041161833
15;Boyacá;15757;Socha;7938;8018;8086;4236;4302;4357;3702;3716;3729;-72.69196586;5.996713021
15;Boyacá;15759;Sogamoso;127235;129346;131105;111815;114019;116031;15420;15327;15074;-72.92304769;5.72568939
15;Boyacá;15761;Somondoco;2910;2887;2880;655;657;662;2255;2230;2218;-73.43339298;4.985725507
15;Boyacá;15762;Sora;3019;3050;3077;486;495;504;2533;2555;2573;-73.45015278;5.566839797
15;Boyacá;15763;Sotaquirá;8162;8237;8305;905;914;920;7257;7323;7385;-73.24733448;5.765230774
15;Boyacá;15764;Soracá;5954;6015;6068;1461;1516;1560;4493;4499;4508;-73.33280563;5.500904831
15;Boyacá;15774;Susacón;2717;2704;2704;604;607;612;2113;2097;2092;-72.69028925;6.230332074
15;Boyacá;15776;Sutamarchán;6092;6164;6228;2103;2174;2233;3989;3990;3995;-73.6205861;5.619781419
15;Boyacá;15778;Sutatenza;4233;4224;4222;732;739;748;3501;3485;3474;-73.45231714;5.022988994
15;Boyacá;15790;Tasco;5882;5823;5792;1625;1629;1641;4257;4194;4151;-72.78101116;5.909821031
15;Boyacá;15798;Tenza;3851;3828;3821;1127;1136;1148;2724;2692;2673;-73.42058911;5.077074351
15;Boyacá;15804;Tibaná;9051;9085;9119;1729;1749;1770;7322;7336;7349;-73.39645722;5.317250924
15;Boyacá;15806;Tibasosa;12940;13196;13396;4238;4332;4418;8702;8864;8978;-72.99944921;5.747229977
15;Boyacá;15808;Tinjacá;3266;3313;3351;737;759;778;2529;2554;2573;-73.64684734;5.57971331
15;Boyacá;15810;Tipacoque;3323;3299;3290;937;939;945;2386;2360;2345;-72.69317268;6.418585803
15;Boyacá;15814;Toca;8767;8831;8893;4209;4298;4380;4558;4533;4513;-73.18479034;5.56646915
15;Boyacá;15816;Togüí;4335;4330;4335;617;620;625;3718;3710;3710;-73.51365506;5.937438225
15;Boyacá;15820;Tópaga;3617;3660;3697;1054;1073;1091;2563;2587;2606;-72.83224493;5.768201449
15;Boyacá;15822;Tota;5179;5206;5233;854;872;889;4325;4334;4344;-72.98589814;5.560497374
15;Boyacá;15832;Tununguá;1540;1559;1576;256;263;270;1284;1296;1306;-73.9331548;5.730582208
15;Boyacá;15835;Turmequé;6118;6131;6156;2072;2091;2114;4046;4040;4042;-73.49184702;5.323252768
15;Boyacá;15837;Tuta;8266;8369;8461;2320;2394;2459;5946;5975;6002;-73.22597294;5.690968244
15;Boyacá;15839;Tutazá;2040;2037;2039;169;171;173;1871;1866;1866;-72.85603548;6.032607903
15;Boyacá;15842;Úmbita;7530;7534;7552;1019;1041;1060;6511;6493;6492;-73.45691657;5.221176201
15;Boyacá;15861;Ventaquemada;15706;15920;16093;2345;2417;2479;13361;13503;13614;-73.52237325;5.368733979
15;Boyacá;15879;Viracachá;2837;2817;2809;426;423;422;2411;2394;2387;-73.29689965;5.436788535
15;Boyacá;15897;Zetaquira;4629;4621;4625;1163;1187;1209;3466;3434;3416;-73.16905201;5.282116052
17;Caldas;17001;Manizales;434403;440608;446160;405234;413273;420933;29169;27335;25227;-75.49104898;5.057688197
17;Caldas;17013;Aguadas;22823;22907;23048;11532;11655;11803;11291;11252;11245;-75.45486967;5.610244456
17;Caldas;17042;Anserma;36149;36405;36691;20284;20569;20876;15865;15836;15815;-75.78434266;5.236474391
17;Caldas;17050;Aranzazu;10557;10533;10556;6825;6904;6996;3732;3629;3560;-75.49125461;5.271141768
17;Caldas;17088;Belalcázar;10660;10634;10650;4583;4641;4707;6077;5993;5943;-75.8119183;4.9937939
17;Caldas;17174;Chinchiná;51271;51773;52267;44570;45406;46220;6701;6367;6047;-75.60748073;4.985812862
17;Caldas;17272;Filadelfia;11451;11399;11400;3877;3902;3938;7574;7497;7462;-75.56247406;5.29709071
17;Caldas;17380;La Dorada;71905;72972;74006;62536;63645;64742;9369;9327;9264;-74.65820562;5.444406098
17;Caldas;17388;La Merced;6003;5916;5882;2151;2171;2197;3852;3745;3685;-75.54790789;5.39477941
17;Caldas;17433;Manzanares;17928;17805;17794;10221;10337;10475;7707;7468;7319;-75.15282885;5.255720253
17;Caldas;17442;Marmato;8888;9035;9167;964;983;1000;7924;8052;8167;-75.60024162;5.47400482
17;Caldas;17444;Marquetalia;13245;13368;13490;6348;6498;6638;6897;6870;6852;-75.05309703;5.297524561
17;Caldas;17446;Marulanda;2607;2565;2544;823;805;796;1784;1760;1748;-75.25940253;5.284330464
17;Caldas;17486;Neira;21024;21040;21114;11564;11789;12004;9460;9251;9110;-75.51984208;5.166705703
17;Caldas;17495;Norcasia;6022;6075;6128;4007;4081;4153;2015;1994;1975;-74.88954408;5.574795393
17;Caldas;17513;Pácora;15325;15296;15324;7430;7492;7565;7895;7804;7759;-75.45962126;5.527171733
17;Caldas;17524;Palestina;15555;15598;15681;4963;5052;5138;10592;10546;10543;-75.62150256;5.020571168
17;Caldas;17541;Pensilvania;19908;19781;19755;7706;7827;7953;12202;11954;11802;-75.16029852;5.383280594
17;Caldas;17614;Riosucio;50775;51371;51956;18077;18378;18662;32698;32993;33294;-75.70206971;5.423680913
17;Caldas;17616;Risaralda;10815;10640;10568;4217;4294;4370;6598;6346;6198;-75.76721954;5.164508957
17;Caldas;17653;Salamina;19467;19387;19393;11359;11427;11541;8108;7960;7852;-75.48722244;5.403024515
17;Caldas;17662;Samaná;20454;20116;19967;5924;6039;6150;14530;14077;13817;-74.99225776;5.413086301
17;Caldas;17665;San José;4835;4875;4916;1282;1305;1328;3553;3570;3588;-75.79200444;5.081569475
17;Caldas;17777;Supía;28642;29021;29363;13493;13756;14008;15149;15265;15355;-75.64966031;5.446842982
17;Caldas;17867;Victoria;10157;10255;10351;4296;4375;4450;5861;5880;5901;-74.91115304;5.3174202
17;Caldas;17873;Villamaría;64652;66189;67429;55894;57787;59390;8758;8402;8039;-75.5137606;5.043806686
17;Caldas;17877;Viterbo;12734;12780;12853;10705;10791;10912;2029;1989;1941;-75.87060986;5.062664236
18;Caquetá;18001;Florencia;168346;170764;173011;147939;150300;152536;20407;20464;20475;-75.60856043;1.61792293
18;Caquetá;18029;Albania;4675;4491;4396;2060;2088;2117;2615;2403;2279;-75.87837054;1.328522088
18;Caquetá;18094;Belén de Los Andaquíes;11021;11102;11181;6753;6866;6973;4268;4236;4208;-75.87247395;1.415786446
18;Caquetá;18150;Cartagena del Chairá;30399;30778;31151;15434;15914;16314;14965;14864;14837;-74.84719837;1.335134955
18;Caquetá;18205;Curillo;7593;7683;7772;5261;5349;5432;2332;2334;2340;-75.91920435;1.033473748
18;Caquetá;18247;El Doncello;19294;19256;19284;13522;13457;13467;5772;5799;5817;-75.28356287;1.679872476
18;Caquetá;18256;El Paujíl;18036;18251;18464;8858;9005;9144;9178;9246;9320;-75.32612346;1.570373283
18;Caquetá;18410;La Montañita;14714;14662;14692;2467;2535;2609;12247;12127;12083;-75.43640776;1.479172635
18;Caquetá;18460;Milán;9723;9838;9952;1001;1003;1010;8722;8835;8942;-75.50696203;1.290427202
18;Caquetá;18479;Morelia;3698;3718;3747;2007;2029;2050;1691;1689;1697;-75.7245814;1.487623369
18;Caquetá;18592;Puerto Rico;26517;26329;26282;14464;14590;14729;12053;11739;11553;-75.15748874;1.908935073
18;Caquetá;18610;San José del Fragua;12797;12949;13099;6292;6510;6693;6505;6439;6406;-75.9735381;1.33194848
18;Caquetá;18753;San Vicente del Caguán;50719;51714;52593;23432;24190;24938;27287;27524;27655;-74.76734058;2.119786131
18;Caquetá;18756;Solano;11214;11359;11503;2782;2818;2851;8432;8541;8652;-75.25370431;0.698977525
18;Caquetá;18785;Solita;6216;6280;6346;3672;3743;3815;2544;2537;2531;-75.61973409;0.876668003
18;Caquetá;18860;Valparaíso;6887;6968;7048;2336;2326;2332;4551;4642;4716;-75.70658353;1.194583032
19;Cauca;19001;Popayán;318059;321991;325477;266561;267100;267389;51498;54891;58088;-76.57406468;2.482503391
19;Cauca;19022;Almaguer;18449;18263;18177;1346;1307;1283;17103;16956;16894;-76.85592449;1.913360233
19;Cauca;19050;Argelia;26144;26376;26588;2700;2705;2707;23444;23671;23881;-77.24945028;2.256754909
19;Cauca;19075;Balboa;21108;21270;21437;5393;5409;5420;15715;15861;16017;-77.21589814;2.040478768
19;Cauca;19100;Bolívar;38048;37327;36994;5020;4928;4876;33028;32399;32118;-76.96631204;1.837416404
19;Cauca;19110;Buenos Aires;31436;31754;32049;1218;1220;1222;30218;30534;30827;-76.64228059;3.01542683
19;Cauca;19130;Cajibío;42014;42439;42833;2202;2207;2209;39812;40232;40624;-76.57088427;2.623338254
19;Cauca;19137;Caldono;39946;40898;41770;2174;2178;2181;37772;38720;39589;-76.48444786;2.798130826
19;Cauca;19142;Caloto;30181;30143;30216;5297;5308;5315;24884;24835;24901;-76.40848704;3.034070778
19;Cauca;19212;Corinto;25286;25342;25440;12880;12670;12530;12406;12672;12910;-76.26131419;3.173815457
19;Cauca;19256;El Tambo;53891;53840;53769;3003;3009;3012;50888;50831;50757;-76.81077225;2.45137136
19;Cauca;19290;Florencia;5202;5254;5303;1224;1226;1228;3978;4028;4075;-77.07253426;1.682522463
19;Cauca;19300;Guachené;19671;19850;20020;6480;6530;6587;13191;13320;13433;-76.39218874;3.134153295
19;Cauca;19318;Guapí;27616;27619;27696;13932;13960;13975;13684;13659;13721;-77.88803347;2.572918366
19;Cauca;19355;Inzá;28879;29170;29441;1308;1308;1306;27571;27862;28135;-76.06350272;2.549182984
19;Cauca;19364;Jambaló;17841;18240;18568;1895;1917;1932;15946;16323;16636;-76.32387818;2.777837347
19;Cauca;19392;La Sierra;10749;10674;10655;1822;1801;1777;8927;8873;8878;-76.76320908;2.179322406
19;Cauca;19397;La Vega;24501;24542;24642;1040;1041;1041;23461;23501;23601;-76.7788973;2.001109224
19;Cauca;19418;López de Micay;18580;18761;18932;1875;1879;1881;16705;16882;17051;-77.24769154;2.846715932
19;Cauca;19450;Mercaderes;22688;22901;23097;5953;5965;5972;16735;16936;17125;-77.16584432;1.775772495
19;Cauca;19455;Miranda;31360;31733;32082;17930;18103;18264;13430;13630;13818;-76.22886987;3.253095405
19;Cauca;19473;Morales;38838;39516;40084;2472;2473;2471;36366;37043;37613;-76.62922056;2.754558567
19;Cauca;19513;Padilla;9937;9953;9992;4478;4473;4467;5459;5480;5525;-76.31329089;3.220853836
19;Cauca;19517;Páez;45776;46278;46742;2971;2871;2801;42805;43407;43941;-75.97196451;2.641366768
19;Cauca;19532;Patía;36848;37183;37494;13781;13695;13619;23067;23488;23875;-76.98097859;2.115670227
19;Cauca;19533;Piamonte;8811;9004;9259;2109;2139;2183;6702;6865;7076;-76.32576425;1.117197782
19;Cauca;19548;Piendamó - Tunía;40818;41362;41837;14271;14308;14332;26547;27054;27505;-76.52850592;2.641987578
19;Cauca;19573;Puerto Tejada;41615;41648;41793;36266;35992;35821;5349;5656;5972;-76.4173078;3.233294127
19;Cauca;19585;Puracé;17272;17423;17569;1697;1700;1702;15575;15723;15867;-76.49563894;2.342644047
19;Cauca;19622;Rosas;11475;11495;11539;1087;1089;1089;10388;10406;10450;-76.74035187;2.260979699
19;Cauca;19693;San Sebastián;10948;11004;11062;668;668;668;10280;10336;10394;-76.7693316;1.838373887
19;Cauca;19698;Santander de Quilichao;110445;111789;113001;52246;52513;52684;58199;59276;60317;-76.48537029;3.016053901
19;Cauca;19701;Santa Rosa;5339;5354;5383;672;673;674;4667;4681;4709;-76.57397297;1.702420284
19;Cauca;19743;Silvia;37337;37713;38063;4492;4423;4377;32845;33290;33686;-76.37957042;2.611815645
19;Cauca;19760;Sotara;13939;14079;14210;571;569;566;13368;13510;13644;-76.61329815;2.253134067
19;Cauca;19780;Suárez;31904;32226;32526;6380;6314;6247;25524;25912;26279;-76.69344711;2.959701537
19;Cauca;19785;Sucre;9489;9582;9669;1633;1639;1644;7856;7943;8025;-76.92627731;2.038251397
19;Cauca;19807;Timbío;35479;35895;36287;14562;14591;14607;20917;21304;21680;-76.68423879;2.349976425
19;Cauca;19809;Timbiquí;26100;26363;26607;6266;6279;6287;19834;20084;20320;-77.66756524;2.777413702
19;Cauca;19821;Toribío;35218;36016;36694;2441;2446;2449;32777;33570;34245;-76.27112721;2.951450409
19;Cauca;19824;Totoró;24558;25137;25612;1319;1332;1344;23239;23805;24268;-76.40244251;2.510229193
19;Cauca;19845;Villa Rica;20693;21000;21328;14267;14370;14488;6426;6630;6840;-76.45787266;3.177577926
20;Cesar;20001;Valledupar;490075;513685;532956;431794;451803;468165;58281;61882;64791;-73.25938931;10.46048122
20;Cesar;20011;Aguachica;109621;114569;118652;95851;99897;103209;13770;14672;15443;-73.59902859;8.310336958
20;Cesar;20013;Agustín Codazzi;60768;62864;64676;48157;49479;50642;12611;13385;14034;-73.23839617;10.04045799
20;Cesar;20032;Astrea;20120;20617;21062;10468;10896;11243;9652;9721;9819;-73.9758638;9.498161108
20;Cesar;20045;Becerril;21611;22542;23308;16123;16816;17382;5488;5726;5926;-73.27923167;9.704606116
20;Cesar;20060;Bosconia;40022;41825;43326;37676;39262;40562;2346;2563;2764;-73.88876766;9.9750947
20;Cesar;20175;Chimichagua;34169;35269;36229;13721;14154;14530;20448;21115;21699;-73.81332845;9.25827144
20;Cesar;20178;Chiriguaná;27694;28743;29632;16576;17145;17628;11118;11598;12004;-73.60014444;9.361189611
20;Cesar;20228;Curumaní;37399;38617;39667;26422;27258;27954;10977;11359;11713;-73.54098652;9.201810592
20;Cesar;20238;El Copey;30159;30957;31650;22469;23164;23767;7690;7793;7883;-73.96271744;10.14952543
20;Cesar;20250;El Paso;37531;39365;40858;6922;7200;7422;30609;32165;33436;-73.74178848;9.668470391
20;Cesar;20295;Gamarra;14973;15458;15864;9828;10129;10389;5145;5329;5475;-73.74376;8.320449051
20;Cesar;20310;González;4379;4469;4568;1414;1391;1388;2965;3078;3180;-73.38003986;8.389604097
20;Cesar;20383;La Gloria;17150;17858;18448;6034;6292;6502;11116;11566;11946;-73.80321012;8.619297878
20;Cesar;20400;La Jagua de Ibirico;46722;49052;50946;35513;37573;39219;11209;11479;11727;-73.33422791;9.5638873
20;Cesar;20443;Manaure Balcón del Cesar;10047;10479;10835;8389;8723;8991;1658;1756;1844;-73.02832046;10.39089864
20;Cesar;20517;Pailitas;18566;19183;19705;13838;14324;14734;4728;4859;4971;-73.62581668;8.956033206
20;Cesar;20550;Pelaya;20683;21564;22291;14363;14959;15450;6320;6605;6841;-73.66635487;8.688650964
20;Cesar;20570;Pueblo Bello;27007;28298;29437;8556;8999;9414;18451;19299;20023;-73.58901062;10.4150616
20;Cesar;20614;Río de Oro;16837;17346;17793;7859;8111;8322;8978;9235;9471;-73.3863952;8.292287384
20;Cesar;20621;La Paz;27759;28758;29603;19622;20345;20900;8137;8413;8703;-73.17136291;10.38748954
20;Cesar;20710;San Alberto;26247;27449;28453;20857;21890;22725;5390;5559;5728;-73.39422534;7.76082642
20;Cesar;20750;San Diego;19022;19818;20470;10517;10873;11166;8505;8945;9304;-73.18121808;10.33303286
20;Cesar;20770;San Martín;26674;27823;28769;14370;15125;15730;12304;12698;13039;-73.51097518;7.999895459
20;Cesar;20787;Tamalameque;15339;15790;16189;6072;6321;6524;9267;9469;9665;-73.8121728;8.861724986
23;Córdoba;23001;Montería;490935;498858;505334;388499;392262;395184;102436;106596;110150;-75.87557791;8.745132591
23;Córdoba;23068;Ayapel;46968;47057;47247;27626;27709;27729;19342;19348;19518;-75.14629076;8.314446629
23;Córdoba;23079;Buenavista;21078;21274;21451;7755;7830;7888;13323;13444;13563;-75.48089871;8.221165554
23;Córdoba;23090;Canalete;15353;15385;15437;3840;3884;3919;11513;11501;11518;-76.24139652;8.786944523
23;Córdoba;23162;Cereté;105815;107234;108409;59224;59783;60220;46591;47451;48189;-75.79621652;8.888611812
23;Córdoba;23168;Chimá;17529;17738;17905;3817;3798;3776;13712;13940;14129;-75.62689551;9.149480457
23;Córdoba;23182;Chinú;47917;48323;48694;20083;20022;20010;27834;28301;28684;-75.39971962;9.105294089
23;Córdoba;23189;Ciénaga de Oro;59086;59871;60521;22469;22391;22365;36617;37480;38156;-75.62078664;8.875502246
23;Córdoba;23300;Cotorra;19041;19315;19549;5939;6043;6154;13102;13272;13395;-75.79914949;9.037088051
23;Córdoba;23350;La Apartada;14866;15058;15218;11380;11481;11560;3486;3577;3658;-75.33901631;8.05245366
23;Córdoba;23417;Lorica;113909;114666;115461;53420;53983;54430;60489;60683;61031;-75.8159954;9.240855143
23;Córdoba;23419;Los Córdobas;18717;19038;19314;3768;3823;3869;14949;15215;15445;-76.35519288;8.892168997
23;Córdoba;23464;Momil;19590;19876;20117;11825;11849;11840;7765;8027;8277;-75.67796062;9.240711917
23;Córdoba;23466;Montelíbano;81641;83908;85885;61589;62792;63689;20052;21116;22196;-75.41681813;7.973777244
23;Córdoba;23500;Moñitos;29833;30242;30580;6325;6396;6454;23508;23846;24126;-76.12939619;9.245280293
23;Córdoba;23555;Planeta Rica;64205;64465;64776;41228;41219;41267;22977;23246;23509;-75.58324299;8.408202562
23;Córdoba;23570;Pueblo Nuevo;35655;36112;36486;10167;10265;10341;25488;25847;26145;-75.50797138;8.504003297
23;Córdoba;23574;Puerto Escondido;23649;24036;24364;4209;4250;4281;19440;19786;20083;-76.26041108;9.005372178
23;Córdoba;23580;Puerto Libertador;41873;42835;43573;13220;13398;13550;28653;29437;30023;-75.67179975;7.888834815
23;Córdoba;23586;Purísima de La Concepción;17206;17411;17587;7217;7184;7172;9989;10227;10415;-75.72488526;9.239299079
23;Córdoba;23660;Sahagún;107636;109052;110233;53725;53832;53973;53911;55220;56260;-75.4459203;8.943125416
23;Córdoba;23670;San Andrés de Sotavento;48610;48215;48042;9750;9899;10026;38860;38316;38016;-75.5088939;9.145162943
23;Córdoba;23672;San Antero;33878;34520;35035;15995;16044;16091;17883;18476;18944;-75.76077297;9.376217345
23;Córdoba;23675;San Bernardo del Viento;37007;37052;37075;9091;9075;9076;27916;27977;27999;-75.95474387;9.352301989
23;Córdoba;23678;San Carlos;26954;27174;27368;4629;4671;4704;22325;22503;22664;-75.69884549;8.799106592
23;Córdoba;23682;San José de Uré;13345;13584;13814;5160;5206;5242;8185;8378;8572;-75.5331329;7.78718515
23;Córdoba;23686;San Pelayo;51838;52481;52994;9105;9203;9278;42733;43278;43716;-75.83512552;8.958010321
23;Córdoba;23807;Tierralta;92349;93873;95177;42254;42987;43553;50095;50886;51624;-76.05969659;8.170378684
23;Córdoba;23815;Tuchín;52606;53744;54958;7576;7703;7837;45030;46041;47121;-75.55445092;9.186965875
23;Córdoba;23855;Valencia;35694;36042;36343;16434;16605;16737;19260;19437;19606;-76.15071869;8.255016584
25;Cundinamarca;25001;Agua de Dios;11685;11966;12325;9113;9358;9710;2572;2608;2615;-74.66921778;4.375312017
25;Cundinamarca;25019;Albán;6438;6650;6879;1715;1783;1864;4723;4867;5015;-74.43826109;4.878022123
25;Cundinamarca;25035;Anapoima;14519;15315;16064;5801;6288;6760;8718;9027;9304;-74.52851753;4.562956175
25;Cundinamarca;25040;Anolaima;13816;14161;14577;4327;4382;4493;9489;9779;10084;-74.46384203;4.761695213
25;Cundinamarca;25053;Arbeláez;10860;10825;10959;4326;4526;4752;6534;6299;6207;-74.41482562;4.272481672
25;Cundinamarca;25086;Beltrán;1789;1832;1885;362;380;399;1427;1452;1486;-74.7418023;4.802811459
25;Cundinamarca;25095;Bituima;2467;2507;2568;451;460;474;2016;2047;2094;-74.53961893;4.872234339
25;Cundinamarca;25099;Bojacá;9913;10524;11092;7680;8356;9019;2233;2168;2073;-74.34849164;4.741758118
25;Cundinamarca;25120;Cabrera;4722;4885;5062;1114;1146;1188;3608;3739;3874;-74.48418723;3.98461914
25;Cundinamarca;25123;Cachipay;9972;10324;10703;3511;3656;3829;6461;6668;6874;-74.4357071;4.730954629
25;Cundinamarca;25126;Cajicá;82244;87866;92967;54111;59228;64093;28133;28638;28874;-74.02345397;4.920809059
25;Cundinamarca;25148;Caparrapí;12569;12714;12990;3083;3176;3289;9486;9538;9701;-74.49111956;5.347943295
25;Cundinamarca;25151;Cáqueza;17099;17480;17956;7552;7927;8343;9547;9553;9613;-73.9464742;4.40410106
25;Cundinamarca;25154;Carmen de Carupa;7580;7733;7940;2093;2234;2376;5487;5499;5564;-73.90157376;5.349115758
25;Cundinamarca;25168;Chaguaní;4182;4255;4364;952;982;1022;3230;3273;3342;-74.59345529;4.948915827
25;Cundinamarca;25175;Chía;132181;141308;149570;105509;115066;124309;26672;26242;25261;-74.05034682;4.866065424
25;Cundinamarca;25178;Chipaque;9467;9748;10058;2697;2824;2966;6770;6924;7092;-74.04487563;4.442671017
25;Cundinamarca;25181;Choachí;10961;11213;11528;4160;4358;4577;6801;6855;6951;-73.92289448;4.527047921
25;Cundinamarca;25183;Chocontá;20568;21425;22278;10554;11431;12281;10014;9994;9997;-73.68352344;5.145223894
25;Cundinamarca;25200;Cogua;22067;23286;24434;7653;8300;8928;14414;14986;15506;-73.97849669;5.061841798
25;Cundinamarca;25214;Cota;32691;34948;36992;20462;22496;24413;12229;12452;12579;-74.10272646;4.812987769
25;Cundinamarca;25224;Cucunubá;7626;7935;8257;1131;1189;1253;6495;6746;7004;-73.76621533;5.249767987
25;Cundinamarca;25245;El Colegio;23886;25047;26176;10251;10916;11602;13635;14131;14574;-74.44255169;4.579459662
25;Cundinamarca;25258;El Peñón;4681;4710;4789;577;597;622;4104;4113;4167;-74.29128594;5.249141171
25;Cundinamarca;25260;El Rosal;22065;23417;24768;18958;20701;22485;3107;2716;2283;-74.26366739;4.852214275
25;Cundinamarca;25269;Facatativá;139441;148001;155978;125348;135306;145080;14093;12695;10898;-74.35022793;4.813064178
25;Cundinamarca;25279;Fómeque;11986;12367;12803;5203;5555;5904;6783;6812;6899;-73.89252259;4.485474345
25;Cundinamarca;25281;Fosca;5784;5892;6038;1367;1428;1496;4417;4464;4542;-73.93902036;4.339092845
25;Cundinamarca;25286;Funza;93154;99387;105086;90671;97203;103270;2483;2184;1816;-74.211525;4.712763015
25;Cundinamarca;25288;Fúquene;4904;5047;5211;168;172;179;4736;4875;5032;-73.79585543;5.404040766
25;Cundinamarca;25290;Fusagasugá;138498;146556;154143;114722;123754;132633;23776;22802;21510;-74.36633393;4.338480851
25;Cundinamarca;25293;Gachalá;4436;4386;4405;1546;1542;1560;2890;2844;2845;-73.52016136;4.693578672
25;Cundinamarca;25295;Gachancipá;17026;18264;19376;11252;12451;13570;5774;5813;5806;-73.87346922;4.990918172
25;Cundinamarca;25297;Gachetá;8425;8439;8539;3388;3489;3624;5037;4950;4915;-73.63700651;4.817022162
25;Cundinamarca;25299;Gama;3120;3152;3214;710;748;789;2410;2404;2425;-73.61102894;4.7633382
25;Cundinamarca;25307;Girardot;101018;105379;109792;95427;100376;105896;5591;5003;3896;-74.79779459;4.313078337
25;Cundinamarca;25312;Granada;7179;7566;7931;1840;1992;2140;5339;5574;5791;-74.35076611;4.519763473
25;Cundinamarca;25317;Guachetá;13285;13749;14241;5928;6232;6519;7357;7517;7722;-73.68709822;5.383741192
25;Cundinamarca;25320;Guaduas;30524;31869;33212;13614;14755;15862;16910;17114;17350;-74.60295627;5.071870533
25;Cundinamarca;25322;Guasca;15348;16166;16934;6121;6646;7153;9227;9520;9781;-73.87714344;4.866719147
25;Cundinamarca;25324;Guataquí;2848;2811;2772;1204;1234;1279;1644;1577;1493;-74.78996878;4.517417235
25;Cundinamarca;25326;Guatavita;6325;6561;6811;2212;2356;2503;4113;4205;4308;-73.83287404;4.934139703
25;Cundinamarca;25328;Guayabal de Síquima;4444;4587;4743;1018;1067;1124;3426;3520;3619;-74.46743733;4.877968134
25;Cundinamarca;25335;Guayabetal;6232;6485;6744;1967;2085;2208;4265;4400;4536;-73.81509376;4.215296629
25;Cundinamarca;25339;Gutiérrez;3410;3478;3567;983;1025;1072;2427;2453;2495;-74.0030419;4.254678867
25;Cundinamarca;25368;Jerusalén;2281;2283;2315;800;818;844;1481;1465;1471;-74.69541923;4.562308267
25;Cundinamarca;25372;Junín;5823;5920;6074;833;871;914;4990;5049;5160;-73.66292455;4.790379974
25;Cundinamarca;25377;La Calera;29868;31432;32917;13470;14601;15697;16398;16831;17220;-73.96974496;4.720344521
25;Cundinamarca;25386;La Mesa;32694;34465;36129;16854;18269;19641;15840;16196;16488;-74.46154474;4.631044239
25;Cundinamarca;25394;La Palma;9467;9588;9810;4125;4227;4383;5342;5361;5427;-74.39102017;5.358816711
25;Cundinamarca;25398;La Peña;5911;5976;6095;1023;1053;1094;4888;4923;5001;-74.39308873;5.200211147
25;Cundinamarca;25402;La Vega;16986;17830;18642;6213;6694;7168;10773;11136;11474;-74.33113821;4.993077034
25;Cundinamarca;25407;Lenguazaque;10080;10424;10794;2798;2950;3110;7282;7474;7684;-73.71149354;5.306143499
25;Cundinamarca;25426;Machetá;6124;6171;6278;1584;1677;1775;4540;4494;4503;-73.608325;5.080198921
25;Cundinamarca;25430;Madrid;112254;120067;127138;102710;111961;120823;9544;8106;6315;-74.26562577;4.736129766
25;Cundinamarca;25436;Manta;3737;3795;3893;990;1037;1091;2747;2758;2802;-73.54050247;5.009058389
25;Cundinamarca;25438;Medina;8014;8064;8211;4103;4381;4666;3911;3683;3545;-73.34912272;4.50661493
25;Cundinamarca;25473;Mosquera;130221;141171;150665;128012;139225;148715;2209;1946;1950;-74.23177508;4.711371201
25;Cundinamarca;25483;Nariño;2333;2395;2464;1641;1701;1774;692;694;690;-74.82473179;4.399836799
25;Cundinamarca;25486;Nemocón;13171;13868;14532;6389;6796;7211;6782;7072;7321;-73.87962974;5.067364638
25;Cundinamarca;25488;Nilo;10819;11441;12028;2752;3039;3328;8067;8402;8700;-74.61996587;4.305801421
25;Cundinamarca;25489;Nimaima;3589;3665;3763;685;743;798;2904;2922;2965;-74.38600738;5.126026248
25;Cundinamarca;25491;Nocaima;6092;6317;6562;1918;2004;2103;4174;4313;4459;-74.37772796;5.068933019
25;Cundinamarca;25506;Venecia;4218;4320;4449;1202;1250;1306;3016;3070;3143;-74.47817821;4.088960943
25;Cundinamarca;25513;Pacho;24413;25046;25803;12714;13385;14127;11699;11661;11676;-74.15611662;5.136942297
25;Cundinamarca;25518;Paime;4186;4206;4279;507;509;519;3679;3697;3760;-74.15221288;5.37048741
25;Cundinamarca;25524;Pandi;4973;5146;5334;1097;1148;1207;3876;3998;4127;-74.48664128;4.190392561
25;Cundinamarca;25530;Paratebueno;8328;8786;9218;3455;3746;4028;4873;5040;5190;-73.21282724;4.374832781
25;Cundinamarca;25535;Pasca;9105;9341;9626;2763;2907;3065;6342;6434;6561;-74.30545993;4.309854412
25;Cundinamarca;25572;Puerto Salgar;15453;16058;16671;11082;11696;12352;4371;4362;4319;-74.6528007;5.464956044
25;Cundinamarca;25580;Pulí;3327;3369;3438;679;709;742;2648;2660;2696;-74.71447646;4.681785104
25;Cundinamarca;25592;Quebradanegra;4724;4807;4927;426;444;465;4298;4363;4462;-74.48014501;5.118071005
25;Cundinamarca;25594;Quetame;5072;5176;5315;1358;1426;1500;3714;3750;3815;-73.86311388;4.329825602
25;Cundinamarca;25596;Quipile;6291;6380;6536;656;667;688;5635;5713;5848;-74.53370501;4.744809893
25;Cundinamarca;25599;Apulo;8192;8457;8747;3539;3667;3827;4653;4790;4920;-74.59380454;4.520347219
25;Cundinamarca;25612;Ricaurte;12881;13652;14367;6867;7533;8162;6014;6119;6205;-74.78454297;4.293949747
25;Cundinamarca;25645;San Antonio del Tequendama;11870;12340;12829;907;969;1031;10963;11371;11798;-74.35144269;4.616138045
25;Cundinamarca;25649;San Bernardo;8487;8703;8984;3488;3664;3866;4999;5039;5118;-74.42296242;4.179432363
25;Cundinamarca;25653;San Cayetano;4846;4892;4978;601;643;687;4245;4249;4291;-74.02475397;5.332937545
25;Cundinamarca;25658;San Francisco;10755;11316;11844;4384;4679;4969;6371;6637;6875;-74.28967198;4.97291694
25;Cundinamarca;25662;San Juan de Rioseco;8181;8324;8537;2986;3069;3185;5195;5255;5352;-74.62191472;4.847575999
25;Cundinamarca;25718;Sasaima;10711;11104;11521;2555;2699;2854;8156;8405;8667;-74.43262795;4.962166987
25;Cundinamarca;25736;Sesquilé;11423;12052;12645;3425;3713;3992;7998;8339;8653;-73.79612783;5.044729613
25;Cundinamarca;25740;Sibaté;33491;35102;36658;23644;25050;26509;9847;10052;10149;-74.25899225;4.489763593
25;Cundinamarca;25743;Silvania;21625;22550;23489;6881;7369;7862;14744;15181;15627;-74.40552821;4.381941157
25;Cundinamarca;25745;Simijaca;12847;13465;14062;7407;8019;8611;5440;5446;5451;-73.85032035;5.505428098
25;Cundinamarca;25754;Soacha;660179;709276;753548;655025;704660;749034;5154;4616;4514;-74.21452753;4.585491658
25;Cundinamarca;25758;Sopó;25782;27456;28999;17435;19229;20942;8347;8227;8057;-73.94577489;4.906330809
25;Cundinamarca;25769;Subachoque;15690;16183;16743;7250;7877;8487;8440;8306;8256;-74.17270846;4.929079289
25;Cundinamarca;25772;Suesca;17021;17902;18741;7443;8108;8761;9578;9794;9980;-73.79828978;5.103516839
25;Cundinamarca;25777;Supatá;5203;5361;5543;1638;1704;1783;3565;3657;3760;-74.23540301;5.061619547
25;Cundinamarca;25779;Susa;6454;6769;7067;2175;2358;2535;4279;4411;4532;-73.81400325;5.454868004
25;Cundinamarca;25781;Sutatausa;5887;6169;6441;1885;2037;2185;4002;4132;4256;-73.85315889;5.247482313
25;Cundinamarca;25785;Tabio;21665;22983;24206;6317;6847;7362;15348;16136;16844;-74.09618339;4.917202192
25;Cundinamarca;25793;Tausa;8067;8354;8654;1370;1485;1597;6697;6869;7057;-73.88647267;5.196555039
25;Cundinamarca;25797;Tena;9567;10065;10531;596;645;693;8971;9420;9838;-74.38953312;4.655339153
25;Cundinamarca;25799;Tenjo;21935;23052;24096;8624;9481;10331;13311;13571;13765;-74.14395621;4.871960537
25;Cundinamarca;25805;Tibacuy;4335;4477;4639;549;564;585;3786;3913;4054;-74.45234352;4.348314659
25;Cundinamarca;25807;Tibirita;3158;3207;3285;520;529;545;2638;2678;2740;-73.50451403;5.052277838
25;Cundinamarca;25815;Tocaima;15735;16136;16611;9589;10015;10510;6146;6121;6101;-74.63630492;4.459270864
25;Cundinamarca;25817;Tocancipá;39996;43020;45714;15355;16970;18488;24641;26050;27226;-73.91209121;4.964786354
25;Cundinamarca;25823;Topaipí;4139;4189;4284;674;715;759;3465;3474;3525;-74.30268797;5.33597335
25;Cundinamarca;25839;Ubalá;7717;7696;7789;1432;1457;1480;6285;6239;6309;-73.53397993;4.743901408
25;Cundinamarca;25841;Ubaque;6727;6875;7067;1094;1152;1213;5633;5723;5854;-73.93346087;4.483802095
25;Cundinamarca;25843;Villa de San Diego de Ubaté;42558;44802;46911;31042;33675;36231;11516;11127;10680;-73.81434634;5.307540984
25;Cundinamarca;25845;Une;6945;7144;7371;3618;3823;4042;3327;3321;3329;-74.02518226;4.402450393
25;Cundinamarca;25851;Útica;4246;4324;4434;2406;2470;2561;1840;1854;1873;-74.48312029;5.190590104
25;Cundinamarca;25862;Vergara;6847;6975;7167;1213;1250;1299;5634;5725;5868;-74.34636043;5.117304568
25;Cundinamarca;25867;Vianí;4339;4497;4667;1449;1527;1613;2890;2970;3054;-74.56132662;4.875205217
25;Cundinamarca;25871;Villagómez;1758;1783;1826;610;629;655;1148;1154;1171;-74.19514546;5.273023755
25;Cundinamarca;25873;Villapinzón;17187;17796;18433;6373;6763;7171;10814;11033;11262;-73.59535467;5.216438372
25;Cundinamarca;25875;Villeta;26873;27986;29128;17985;19062;20199;8888;8924;8929;-74.46970495;5.012790639
25;Cundinamarca;25878;Viotá;13234;13508;13878;4286;4461;4673;8948;9047;9205;-74.52316032;4.439355814
25;Cundinamarca;25885;Yacopí;12322;12367;12564;2848;2989;3147;9474;9378;9417;-74.33802435;5.459290341
25;Cundinamarca;25898;Zipacón;4659;4836;5022;1228;1308;1387;3431;3528;3635;-74.37959142;4.759924886
25;Cundinamarca;25899;Zipaquirá;130537;138654;146352;106461;114204;121962;24076;24450;24390;-73.99447124;5.025471685
27;Chocó;27001;Quibdó;129237;130042;130825;113124;112765;112380;16113;17277;18445;-76.62596936;5.692195187
27;Chocó;27006;Acandí;13999;14085;14159;6895;6719;6518;7104;7366;7641;-77.28009788;8.511405952
27;Chocó;27025;Alto Baudó;27584;27982;28293;3356;3465;3585;24228;24517;24708;-76.97439919;5.516309869
27;Chocó;27050;Atrato;6063;6145;6208;2858;2893;2931;3205;3252;3277;-76.63503746;5.531373511
27;Chocó;27073;Bagadó;11011;11149;11262;2589;2527;2488;8422;8622;8774;-76.41529299;5.41055496
27;Chocó;27075;Bahía Solano;10123;10207;10279;6172;6199;6211;3951;4008;4068;-77.40275035;6.22224546
27;Chocó;27077;Bajo Baudó;29957;30263;30472;7041;6997;6938;22916;23266;23534;-77.36540999;4.954626672
27;Chocó;27099;Bojayá;12073;12212;12326;1158;1163;1165;10915;11049;11161;-76.88346949;6.556257444
27;Chocó;27135;El Cantón del San Pablo;6116;6210;6286;2844;2876;2911;3272;3334;3375;-76.72685005;5.33533532
27;Chocó;27150;Carmen del Darién;18433;18930;19509;2276;2311;2354;16157;16619;17155;-76.97071697;7.158402966
27;Chocó;27160;Cértegui;5635;5705;5760;3321;3331;3334;2314;2374;2426;-76.60802121;5.37041379
27;Chocó;27205;Condoto;12663;12464;12367;9696;9656;9627;2967;2808;2740;-76.65068266;5.091003208
27;Chocó;27245;El Carmen de Atrato;8193;8197;8212;2510;2513;2512;5683;5684;5700;-76.14222986;5.899751361
27;Chocó;27250;El Litoral del San Juan;21669;22242;22890;1843;1868;1896;19826;20374;20994;-77.35983784;4.256766706
27;Chocó;27361;Istmina;30742;30739;30806;22258;22361;22414;8484;8378;8392;-76.68518032;5.153946496
27;Chocó;27372;Juradó;6685;6774;6841;2511;2495;2473;4174;4279;4368;-77.76275092;7.103619083
27;Chocó;27413;Lloró;9786;9850;9913;3376;3390;3397;6410;6460;6516;-76.54521063;5.498150801
27;Chocó;27425;Medio Atrato;10672;10817;10930;944;960;980;9728;9857;9950;-76.78241422;5.994835471
27;Chocó;27430;Medio Baudó;15109;15405;15683;2307;2326;2349;12802;13079;13334;-76.94960604;5.193563954
27;Chocó;27450;Medio San Juan;10579;10718;10826;2622;2658;2705;7957;8060;8121;-76.69335794;5.100240747
27;Chocó;27491;Nóvita;9153;9116;9105;3498;3513;3520;5655;5603;5585;-76.60711814;4.956097009
27;Chocó;27495;Nuquí;16223;16459;16642;1685;1630;1596;14538;14829;15046;-77.26290346;5.711957236
27;Chocó;27580;Río Iró;5467;5537;5592;1539;1557;1577;3928;3980;4015;-76.47292479;5.186299794
27;Chocó;27600;Río Quito;8236;8355;8448;2335;2337;2336;5901;6018;6112;-76.74101656;5.483727751
27;Chocó;27615;Riosucio;53449;54458;55232;14299;14806;15173;39150;39652;40059;-77.11310959;7.436631552
27;Chocó;27660;San José del Palmar;5114;5015;4961;1355;1273;1221;3759;3742;3740;-76.23284882;4.89759308
27;Chocó;27745;Sipí;3174;3202;3220;742;745;747;2432;2457;2473;-76.64440389;4.651204152
27;Chocó;27787;Tadó;18011;17925;17913;10753;10740;10724;7258;7185;7189;-76.55876602;5.264139949
27;Chocó;27800;Unguía;12854;12821;12822;4343;4177;4041;8511;8644;8781;-77.09175303;8.042760782
27;Chocó;27810;Unión Panamericana;6816;6909;6982;2944;2972;2999;3872;3937;3983;-76.62840607;5.281095852
41;Huila;41001;Neiva;357392;361049;364408;335994;338346;340512;21398;22703;23896;-75.27772259;2.935604415
41;Huila;41006;Acevedo;24774;25046;25298;4640;4699;4756;20134;20347;20542;-75.88853156;1.805263228
41;Huila;41013;Agrado;8800;8866;8937;5664;5709;5750;3136;3157;3187;-75.77190358;2.259729394
41;Huila;41016;Aipe;16163;16361;16546;10553;10696;10834;5610;5665;5712;-75.23903118;3.223597562
41;Huila;41020;Algeciras;22481;22498;22575;10806;10891;10969;11675;11607;11606;-75.31537288;2.522447597
41;Huila;41026;Altamira;4275;4323;4367;2425;2425;2429;1850;1898;1938;-75.7883629;2.063710886
41;Huila;41078;Baraya;8338;8282;8269;3975;3927;3903;4363;4355;4366;-75.05427025;3.153198541
41;Huila;41132;Campoalegre;31087;31195;31357;23787;23778;23818;7300;7417;7539;-75.32573546;2.686827401
41;Huila;41206;Colombia;7285;7136;7064;2205;2131;2062;5080;5005;5002;-74.80281318;3.376977129
41;Huila;41244;Elías;4211;4257;4300;1439;1445;1451;2772;2812;2849;-75.93801084;2.012697094
41;Huila;41298;Garzón;72382;73292;74136;38923;39248;39544;33459;34044;34592;-75.62769374;2.196994421
41;Huila;41306;Gigante;24583;24634;24726;9766;9843;9913;14817;14791;14813;-75.54121989;2.388235625
41;Huila;41319;Guadalupe;17890;18104;18302;5497;5507;5514;12393;12597;12788;-75.75502825;2.025157323
41;Huila;41349;Hobo;7286;7335;7387;5639;5654;5668;1647;1681;1719;-75.45115097;2.582867976
41;Huila;41357;Íquira;9248;9291;9345;2652;2644;2647;6596;6647;6698;-75.63449748;2.64935907
41;Huila;41359;Isnos;25186;25463;25719;6148;6254;6340;19038;19209;19379;-76.21763745;1.92946706
41;Huila;41378;La Argentina;12866;13021;13162;4796;4891;4966;8070;8130;8196;-75.97976842;2.198246252
41;Huila;41396;La Plata;61026;61735;62380;25791;25995;26183;35235;35740;36197;-75.89145131;2.389646694
41;Huila;41483;Nátaga;6469;6520;6573;2648;2669;2688;3821;3851;3885;-75.80878532;2.545352901
41;Huila;41503;Oporapa;11629;11779;11920;2355;2373;2390;9274;9406;9530;-75.99517781;2.025054002
41;Huila;41518;Paicol;6583;6655;6722;2775;2799;2821;3808;3856;3901;-75.77299232;2.449548949
41;Huila;41524;Palermo;26279;26590;26881;12475;12604;12726;13804;13986;14155;-75.43371912;2.888406236
41;Huila;41530;Palestina;11159;11282;11395;1755;1772;1789;9404;9510;9606;-76.13312235;1.723444181
41;Huila;41548;Pital;13787;13851;13927;4892;4931;4966;8895;8920;8961;-75.80400492;2.266679376
41;Huila;41551;Pitalito;124359;126682;128630;73319;74478;75434;51040;52204;53196;-76.0487449;1.852578355
41;Huila;41615;Rivera;24312;24757;25131;11720;11872;11999;12592;12885;13132;-75.25854672;2.777570516
41;Huila;41660;Saladoblanco;10444;10502;10567;1844;1865;1885;8600;8637;8682;-76.04414126;1.992494881
41;Huila;41668;San Agustín;33028;33391;33727;11158;11246;11327;21870;22145;22400;-76.27035968;1.881081298
41;Huila;41676;Santa María;10405;10422;10462;2527;2525;2529;7878;7897;7933;-75.58611594;2.939755223
41;Huila;41770;Suaza;21853;22342;22729;4507;4555;4596;17346;17787;18133;-75.7950558;1.97584609
41;Huila;41791;Tarqui;17440;17587;17729;5499;5542;5582;11941;12045;12147;-75.82357508;2.111321102
41;Huila;41797;Tesalia;10697;10815;10923;5317;5364;5409;5380;5451;5514;-75.72984017;2.486050264
41;Huila;41799;Tello;11800;11775;11800;5173;5214;5251;6627;6561;6549;-75.13877304;3.067538095
41;Huila;41801;Teruel;8052;8064;8094;4270;4281;4297;3782;3783;3797;-75.56703425;2.740968416
41;Huila;41807;Timaná;21799;21921;22070;7883;7846;7817;13916;14075;14253;-75.932087;1.974224443
41;Huila;41872;Villavieja;7288;7247;7240;2459;2418;2393;4829;4829;4847;-75.21724434;3.22076759
41;Huila;41885;Yaguará;7730;7774;7824;6421;6466;6509;1309;1308;1315;-75.51802329;2.664694213
44;La Guajira;44001;Riohacha;188014;195747;201839;126103;137799;147244;61911;57948;54595;-72.91148891;11.52875138
44;La Guajira;44035;Albania;29148;30848;32265;15783;17402;18836;13365;13446;13429;-72.59852163;11.15748865
44;La Guajira;44078;Barrancas;35743;37170;38348;15818;17285;18469;19925;19885;19879;-72.79357567;10.95866671
44;La Guajira;44090;Dibulla;37740;40051;42060;4884;5373;5796;32856;34678;36264;-73.30761979;11.2715694
44;La Guajira;44098;Distracción;13016;13706;14248;5871;6452;6947;7145;7254;7301;-72.88739268;10.89847259
44;La Guajira;44110;El Molino;7185;7574;7879;6383;6975;7453;802;599;426;-72.92674334;10.65350251
44;La Guajira;44279;Fonseca;42772;43728;44544;35754;37898;39662;7018;5830;4882;-72.84666224;10.88430067
44;La Guajira;44378;Hatonuevo;20044;21151;22033;11905;13055;14014;8139;8096;8019;-72.75901658;11.06874303
44;La Guajira;44420;La Jagua del Pilar;3498;3686;3834;2162;2361;2522;1336;1325;1312;-73.07167902;10.51021405
44;La Guajira;44430;Maicao;170582;178832;185072;103354;112088;118889;67228;66744;66183;-72.24190502;11.37832678
44;La Guajira;44560;Manaure;83072;88881;93431;8625;9935;11284;74447;78946;82147;-72.43966737;11.77405659
44;La Guajira;44650;San Juan del Cesar;46953;48387;49584;30385;33014;35079;16568;15373;14505;-73.00059321;10.76957868
44;La Guajira;44847;Uribia;163462;177815;190084;7698;8412;8989;155764;169403;181095;-72.26476063;11.71464582
44;La Guajira;44855;Urumita;10985;11114;11261;9423;9811;10146;1562;1303;1115;-73.01250679;10.56016864
44;La Guajira;44874;Villanueva;28346;28816;29236;26488;27298;27752;1858;1518;1484;-72.97762278;10.60881169
47;Magdalena;47001;Santa Marta;499192;521239;538612;455299;471475;484025;43893;49764;54587;-74.19089412;11.2294335
47;Magdalena;47030;Algarrobo;15511;16194;16785;10096;10488;10820;5415;5706;5965;-74.06113245;10.18803886
47;Magdalena;47053;Aracataca;39857;40726;41492;23623;24287;24803;16234;16439;16689;-74.18676284;10.58980001
47;Magdalena;47058;Ariguaní;30218;31077;31794;19075;19677;20148;11143;11400;11646;-74.23649889;9.847057076
47;Magdalena;47161;Cerro de San Antonio;9890;9885;9941;5365;5413;5461;4525;4472;4480;-74.868473;10.32565943
47;Magdalena;47170;Chivolo;21862;22715;23388;13782;14256;14621;8080;8459;8767;-74.62313794;10.02684116
47;Magdalena;47189;Ciénaga;120071;122285;124339;104999;108028;110303;15072;14257;14036;-74.24128616;11.00665688
47;Magdalena;47205;Concordia;10505;10908;11227;4177;4317;4424;6328;6591;6803;-74.8330299;10.25731061
47;Magdalena;47245;El Banco;65457;67811;69701;41881;42205;42521;23576;25606;27180;-73.97428121;9.008733009
47;Magdalena;47258;El Piñón;22530;23400;24083;7445;7700;7896;15085;15700;16187;-74.82329109;10.40309454
47;Magdalena;47268;El Retén;19697;20455;21052;15549;16075;16479;4148;4380;4573;-74.2684561;10.61066766
47;Magdalena;47288;Fundación;66433;68681;70491;56814;58519;59828;9619;10162;10663;-74.19134346;10.5140924
47;Magdalena;47318;Guamal;26620;27345;27918;8437;8606;8734;18183;18739;19184;-74.22369928;9.144385832
47;Magdalena;47460;Nueva Granada;19663;20485;21166;8132;8434;8680;11531;12051;12486;-74.39223564;9.801547971
47;Magdalena;47541;Pedraza;9196;9225;9290;3017;3041;3059;6179;6184;6231;-74.91545773;10.18820578
47;Magdalena;47545;Pijiño del Carmen;12093;12548;12908;5710;5898;6042;6383;6650;6866;-74.45821824;9.331953112
47;Magdalena;47551;Pivijay;37341;38203;38973;21777;22295;22722;15564;15908;16251;-74.61351795;10.46069324
47;Magdalena;47555;Plato;61766;63026;64017;47141;48303;49028;14625;14723;14989;-74.78468286;9.796769868
47;Magdalena;47570;Puebloviejo;29824;31151;32188;9897;10230;10488;19927;20921;21700;-74.28248423;10.99482965
47;Magdalena;47605;Remolino;11445;11702;11929;7375;7582;7731;4070;4120;4198;-74.71614047;10.70217005
47;Magdalena;47660;Sabanas de San Ángel;15644;16247;16724;4559;4734;4881;11085;11513;11843;-74.2139389;10.03253601
47;Magdalena;47675;Salamina;10733;11043;11295;7151;7365;7520;3582;3678;3775;-74.79418892;10.49122904
47;Magdalena;47692;San Sebastián de Buenavista;19523;20171;20696;6071;6251;6392;13452;13920;14304;-74.35167514;9.24050525
47;Magdalena;47703;San Zenón;11681;12104;12439;1470;1501;1529;10211;10603;10910;-74.4989915;9.245060603
47;Magdalena;47707;Santa Ana;25438;25750;26075;13851;14317;14674;11587;11433;11401;-74.56765762;9.321837859
47;Magdalena;47720;Santa Bárbara de Pinto;10575;10977;11295;6616;6838;7009;3959;4139;4286;-74.70468582;9.432257137
47;Magdalena;47745;Sitionuevo;27128;28254;29159;14239;14694;15039;12889;13560;14120;-74.72016921;10.77540964
47;Magdalena;47798;Tenerife;13236;13354;13503;6511;6557;6600;6725;6797;6903;-74.8607752;9.897787141
47;Magdalena;47960;Zapayán;9895;10293;10613;3846;3980;4085;6049;6313;6528;-74.71687797;10.16829671
47;Magdalena;47980;Zona Bananera;68722;71578;73933;4415;4563;4676;64307;67015;69257;-74.14008184;10.76302682
50;Meta;50001;Villavicencio;531275;538824;545302;492052;497285;502047;39223;41539;43255;-73.62709204;4.1238615
50;Meta;50006;Acacías;88023;90124;91829;67906;68872;69715;20117;21252;22114;-73.76593665;3.990120663
50;Meta;50110;Barranca de Upía;6440;6513;6578;4425;4587;4708;2015;1926;1870;-72.96433381;4.570622971
50;Meta;50124;Cabuyaro;6062;6130;6192;2993;3050;3096;3069;3080;3096;-72.79197878;4.285923848
50;Meta;50150;Castilla La Nueva;14300;15186;15906;6154;6351;6498;8146;8835;9408;-73.6881296;3.828040352
50;Meta;50223;Cubarral;6963;7019;7068;4576;4623;4666;2387;2396;2402;-73.83921349;3.794089465
50;Meta;50226;Cumaral;22831;23014;23195;15006;15119;15233;7825;7895;7962;-73.48610878;4.269537766
50;Meta;50245;El Calvario;1776;1696;1652;590;596;601;1186;1100;1051;-73.71332879;4.352622053
50;Meta;50251;El Castillo;7977;7619;7408;3020;2920;2837;4957;4699;4571;-73.79401276;3.563834019
50;Meta;50270;El Dorado;3888;3932;3971;1412;1426;1440;2476;2506;2531;-73.835012;3.740004078
50;Meta;50287;Fuente de Oro;12129;12266;12388;6923;7017;7105;5206;5249;5283;-73.61798161;3.462868031
50;Meta;50313;Granada;68876;69770;70577;58293;58780;59213;10583;10990;11364;-73.70571533;3.546694724
50;Meta;50318;Guamal;14119;14298;14462;9609;9691;9761;4510;4607;4701;-73.77033863;3.880638599
50;Meta;50325;Mapiripán;7007;7086;7156;2471;2481;2489;4536;4605;4667;-72.13564487;2.896439137
50;Meta;50330;Mesetas;11159;10706;10430;4546;4460;4409;6613;6246;6021;-74.04368085;3.383924761
50;Meta;50350;La Macarena;26890;27534;28052;4723;4771;4815;22167;22763;23237;-73.78706882;2.17821427
50;Meta;50370;Uribe;9284;9388;9482;2128;2150;2170;7156;7238;7312;-74.35154535;3.239652997
50;Meta;50400;Lejanías;11463;11256;11162;4823;4746;4707;6640;6510;6455;-74.024022;3.525919845
50;Meta;50450;Puerto Concordia;8390;8484;8569;3420;3455;3487;4970;5029;5082;-72.76004759;2.623082153
50;Meta;50568;Puerto Gaitán;41513;42677;43605;20659;21270;21726;20854;21407;21879;-72.08307894;4.314487455
50;Meta;50573;Puerto López;30399;30301;30312;18575;18487;18486;11824;11814;11826;-72.95743626;4.093406425
50;Meta;50577;Puerto Lleras;10423;10359;10354;4087;4040;4022;6336;6319;6332;-73.37374343;3.269732439
50;Meta;50590;Puerto Rico;13061;12918;12874;6439;6503;6561;6622;6415;6313;-73.20651333;2.939743676
50;Meta;50606;Restrepo;18268;18474;18658;12190;12315;12429;6078;6159;6229;-73.56460418;4.260731994
50;Meta;50680;San Carlos de Guaroa;12296;12598;12875;6300;6463;6587;5996;6135;6288;-73.24140912;3.71053664
50;Meta;50683;San Juan de Arama;9118;8948;8865;4357;4401;4442;4761;4547;4423;-73.87583154;3.373727874
50;Meta;50686;San Juanito;1307;1266;1243;672;679;686;635;587;557;-73.67669903;4.458180005
50;Meta;50689;San Martín;26707;26571;26499;19458;19271;19199;7249;7300;7300;-73.69561782;3.701879876
50;Meta;50711;Vistahermosa;17778;17168;16790;7254;7357;7453;10524;9811;9337;-73.75116676;3.1257521
52;Nariño;52001;Pasto;392930;392748;392589;308095;306527;305360;84835;86221;87229;-77.27857635;1.212124365
52;Nariño;52019;Albán;9642;9443;9320;2691;2686;2682;6951;6757;6638;-77.08071233;1.474978015
52;Nariño;52022;Aldana;7392;7375;7361;1549;1550;1552;5843;5825;5809;-77.70035656;0.882181195
52;Nariño;52036;Ancuyá;8801;8678;8603;2147;2115;2086;6654;6563;6517;-77.51451329;1.263299977
52;Nariño;52051;Arboleda;8443;8431;8420;1172;1161;1151;7271;7270;7269;-77.13539889;1.503536564
52;Nariño;52079;Barbacoas;55633;56195;56526;12075;12217;12304;43558;43978;44222;-78.13989493;1.670345194
52;Nariño;52083;Belén;6322;6311;6301;3262;3253;3245;3060;3058;3056;-77.01566573;1.595676066
52;Nariño;52110;Buesaco;23908;23909;23910;6552;6575;6586;17356;17334;17324;-77.15647975;1.381434415
52;Nariño;52203;Colón;8526;8403;8316;1089;1090;1092;7437;7313;7224;-77.01977704;1.643874302
52;Nariño;52207;Consacá;13784;13761;13738;2146;2142;2139;11638;11619;11599;-77.46510211;1.207623056
52;Nariño;52210;Contadero;7270;7252;7236;1310;1308;1306;5960;5944;5930;-77.54940902;0.910457863
52;Nariño;52215;Córdoba;15516;15496;15477;3081;3076;3071;12435;12420;12406;-77.51789656;0.854564418
52;Nariño;52224;Cuaspúd;9201;9199;9198;2708;2708;2707;6493;6491;6491;-77.72894683;0.862978103
52;Nariño;52227;Cumbal;36864;36975;37033;6835;6824;6813;30029;30151;30220;-77.79227662;0.906185361
52;Nariño;52233;Cumbitara;5948;5843;5768;1608;1621;1629;4340;4222;4139;-77.57814673;1.646845971
52;Nariño;52240;Chachagüí;15354;15328;15303;4332;4368;4415;11022;10960;10888;-77.28170144;1.36032802
52;Nariño;52250;El Charco;22505;22528;22550;7234;7306;7354;15271;15222;15196;-78.109849;2.477550593
52;Nariño;52254;El Peñol;7446;7443;7442;1340;1349;1363;6106;6094;6079;-77.43785937;1.452892601
52;Nariño;52256;El Rosario;12280;12169;12062;1781;1778;1775;10499;10391;10287;-77.33456556;1.742475705
52;Nariño;52258;El Tablón de Gómez;14342;14296;14261;1583;1575;1567;12759;12721;12694;-77.09673083;1.427054031
52;Nariño;52260;El Tambo;14283;13986;13809;5251;5206;5166;9032;8780;8643;-77.39020466;1.407643422
52;Nariño;52287;Funes;7222;7168;7135;3091;3086;3081;4131;4082;4054;-77.4489786;1.001135181
52;Nariño;52317;Guachucal;19450;19387;19339;3071;3012;2965;16379;16375;16374;-77.73158986;0.959743484
52;Nariño;52320;Guaitarilla;11582;11422;11325;4378;4350;4322;7204;7072;7003;-77.54968882;1.129632504
52;Nariño;52323;Gualmatán;7057;7049;7040;2994;2989;2984;4063;4060;4056;-77.56681512;0.91980291
52;Nariño;52352;Iles;7662;7646;7632;2133;2129;2126;5529;5517;5506;-77.5209759;0.969205287
52;Nariño;52354;Imués;7657;7530;7446;1016;1011;1006;6641;6519;6440;-77.49617816;1.055137709
52;Nariño;52356;Ipiales;116136;115992;115836;77343;77188;77042;38793;38804;38794;-77.64640075;0.827734241
52;Nariño;52378;La Cruz;18754;18697;18643;8018;8005;7992;10736;10692;10651;-76.97053174;1.601339314
52;Nariño;52381;La Florida;10104;9985;9911;1980;1982;1982;8124;8003;7929;-77.40643084;1.299192232
52;Nariño;52385;La Llanada;6492;6481;6470;3156;3152;3148;3336;3329;3322;-77.58071165;1.472636197
52;Nariño;52390;La Tola;7411;7441;7460;2928;2915;2906;4483;4526;4554;-78.19039205;2.398212191
52;Nariño;52399;La Unión;31858;31803;31751;12793;12740;12688;19065;19063;19063;-77.13115435;1.600268613
52;Nariño;52405;Leiva;9768;9653;9571;2967;2978;2989;6801;6675;6582;-77.30621378;1.934516214
52;Nariño;52411;Linares;10236;10098;10012;2230;2205;2188;8006;7893;7824;-77.52193996;1.351145073
52;Nariño;52418;Los Andes;9547;9376;9268;4376;4369;4362;5171;5007;4906;-77.52132596;1.494547405
52;Nariño;52427;Magüí;24705;25214;25543;7325;7475;7568;17380;17739;17975;-78.18106078;1.765313671
52;Nariño;52435;Mallama;8976;8960;8946;1218;1223;1229;7758;7737;7717;-77.86442829;1.14083897
52;Nariño;52473;Mosquera;11984;12283;12582;5677;5773;5835;6307;6510;6747;-78.45298541;2.507116414
52;Nariño;52480;Nariño;4364;4355;4346;2653;2646;2639;1711;1709;1707;-77.35797213;1.288978992
52;Nariño;52490;Olaya Herrera;25358;25282;25210;10859;10842;10826;14499;14440;14384;-78.32561871;2.347584488
52;Nariño;52506;Ospina;7105;7039;6993;1965;1962;1959;5140;5077;5034;-77.56606698;1.058491691
52;Nariño;52520;Francisco Pizarro;14193;14176;14158;5423;5446;5463;8770;8730;8695;-78.65818187;2.040809056
52;Nariño;52540;Policarpa;9897;9827;9779;2596;2603;2605;7301;7224;7174;-77.45926539;1.62813872
52;Nariño;52560;Potosí;10414;10197;10058;2097;2093;2090;8317;8104;7968;-77.57279178;0.806340417
52;Nariño;52565;Providencia;5572;5562;5553;1501;1498;1496;4071;4064;4057;-77.59659215;1.237691504
52;Nariño;52573;Puerres;8581;8450;8365;3451;3445;3440;5130;5005;4925;-77.50421065;0.885125175
52;Nariño;52585;Pupiales;17491;17334;17219;6192;6182;6172;11299;11152;11047;-77.63350443;0.867139628
52;Nariño;52612;Ricaurte;19631;19885;20057;2399;2395;2392;17232;17490;17665;-77.99544487;1.212931458
52;Nariño;52621;Roberto Payán;12667;12681;12694;3389;3387;3384;9278;9294;9310;-78.24566252;1.697744768
52;Nariño;52678;Samaniego;29414;28380;27742;9462;9446;9431;19952;18934;18311;-77.59445713;1.335351879
52;Nariño;52683;Sandoná;20773;20184;19770;10112;10093;10075;10661;10091;9695;-77.46956757;1.28613693
52;Nariño;52685;San Bernardo;9202;9186;9171;2595;2591;2587;6607;6595;6584;-77.04740277;1.514253666
52;Nariño;52687;San Lorenzo;18473;18435;18399;2180;2182;2183;16293;16253;16216;-77.21523165;1.503340987
52;Nariño;52693;San Pablo;15389;15034;14793;4051;3985;3931;11338;11049;10862;-77.01392439;1.669426894
52;Nariño;52694;San Pedro de Cartago;6843;6831;6820;849;836;823;5994;5995;5997;-77.1191975;1.551658844
52;Nariño;52696;Santa Bárbara;13427;13331;13242;3608;3576;3545;9819;9755;9697;-77.97908278;2.449548194
52;Nariño;52699;Santacruz;10796;10939;11074;1529;1526;1524;9267;9413;9550;-77.67702224;1.221985919
52;Nariño;52720;Sapuyes;7346;7277;7232;1436;1411;1395;5910;5866;5837;-77.62030027;1.037527856
52;Nariño;52786;Taminango;17854;17866;17878;3999;3992;3986;13855;13874;13892;-77.2802216;1.570047767
52;Nariño;52788;Tangua;13507;13397;13321;2763;2758;2754;10744;10639;10567;-77.39269418;1.094880515
52;Nariño;52835;San Andrés de Tumaco;253637;255783;257052;86320;86507;86614;167317;169276;170438;-78.76385415;1.80711725
52;Nariño;52838;Túquerres;44729;44650;44575;17302;17259;17215;27427;27391;27360;-77.61688638;1.085193359
52;Nariño;52885;Yacuanquer;10938;10946;10955;3326;3326;3324;7612;7620;7631;-77.40282382;1.114556241
54;Norte de Santander;54001;San José de Cúcuta;711715;749197;777106;685445;721436;748948;26270;27761;28158;-72.5082562;7.905306295
54;Norte de Santander;54003;Ábrego;31786;33003;33931;15896;16837;17580;15890;16166;16351;-73.2217344;8.081784141
54;Norte de Santander;54051;Arboledas;9605;9860;10056;2207;2279;2336;7398;7581;7720;-72.79887452;7.64297044
54;Norte de Santander;54099;Bochalema;8105;8529;8845;3038;3165;3257;5067;5364;5588;-72.64703809;7.612168052
54;Norte de Santander;54109;Bucarasica;6248;6472;6614;502;522;538;5746;5950;6076;-72.86795437;8.041167343
54;Norte de Santander;54125;Cácota;2781;2855;2914;913;955;988;1868;1900;1926;-72.64205884;7.268705462
54;Norte de Santander;54128;Cáchira;10995;11096;11198;1772;1826;1867;9223;9270;9331;-73.04874552;7.740905158
54;Norte de Santander;54172;Chinácota;17263;18176;18858;11083;11679;12133;6180;6497;6725;-72.60467824;7.600957669
54;Norte de Santander;54174;Chitagá;11564;12042;12394;4331;4528;4677;7233;7514;7717;-72.66543492;7.138122324
54;Norte de Santander;54206;Convención;18463;19131;19647;7417;7648;7833;11046;11483;11814;-73.33720845;8.470368933
54;Norte de Santander;54223;Cucutilla;8095;8307;8475;1502;1541;1571;6593;6766;6904;-72.77257191;7.538987137
54;Norte de Santander;54239;Durania;4541;4693;4812;2216;2288;2346;2325;2405;2466;-72.65860469;7.714779625
54;Norte de Santander;54245;El Carmen;13144;13648;14043;2196;2240;2281;10948;11408;11762;-73.44668712;8.510578756
54;Norte de Santander;54250;El Tarra;20093;21145;21926;8371;9003;9480;11722;12142;12446;-73.09484592;8.576771365
54;Norte de Santander;54261;El Zulia;26700;28240;29392;16307;17243;17956;10393;10997;11436;-72.60466818;7.938229487
54;Norte de Santander;54313;Gramalote;7295;7524;7694;2482;2539;2589;4813;4985;5105;-72.78683006;7.916581824
54;Norte de Santander;54344;Hacarí;9998;10342;10603;1339;1403;1452;8659;8939;9151;-73.14597535;8.321714562
54;Norte de Santander;54347;Herrán;6755;7087;7326;1204;1256;1297;5551;5831;6029;-72.48351934;7.506540865
54;Norte de Santander;54377;Labateca;6268;6443;6574;1619;1675;1716;4649;4768;4858;-72.49587415;7.298339256
54;Norte de Santander;54385;La Esperanza;11358;11941;12373;1660;1749;1817;9698;10192;10556;-73.32789745;7.639990913
54;Norte de Santander;54398;La Playa;7582;7821;8003;851;873;890;6731;6948;7113;-73.23864867;8.212627106
54;Norte de Santander;54405;Los Patios;89091;93754;97220;86266;91137;94847;2825;2617;2373;-72.50571256;7.833256289
54;Norte de Santander;54418;Lourdes;3954;4091;4191;1831;1923;1991;2123;2168;2200;-72.83251126;7.944519557
54;Norte de Santander;54480;Mutiscua;4163;4373;4530;796;828;850;3367;3545;3680;-72.74713854;7.300280499
54;Norte de Santander;54498;Ocaña;118273;124603;129308;106159;111872;116232;12114;12731;13076;-73.3558144;8.247453792
54;Norte de Santander;54518;Pamplona;50025;52240;53909;46013;48309;50045;4012;3931;3864;-72.64768144;7.37285018
54;Norte de Santander;54520;Pamplonita;5402;5628;5793;1091;1150;1194;4311;4478;4599;-72.63920376;7.43674668
54;Norte de Santander;54553;Puerto Santander;8502;8938;9262;7938;8355;8673;564;583;589;-72.41031378;8.360945615
54;Norte de Santander;54599;Ragonvalia;5899;6149;6339;2874;2987;3075;3025;3162;3264;-72.47670824;7.577861415
54;Norte de Santander;54660;Salazar;10205;10501;10728;3845;3989;4100;6360;6512;6628;-72.81312435;7.773671228
54;Norte de Santander;54670;San Calixto;12011;12127;12174;2008;2115;2197;10003;10012;9977;-73.20605269;8.40015189
54;Norte de Santander;54673;San Cayetano;6978;7442;7790;2288;2411;2505;4690;5031;5285;-72.62541163;7.875532739
54;Norte de Santander;54680;Santiago;3361;3537;3667;1749;1851;1928;1612;1686;1739;-72.71661777;7.86516264
54;Norte de Santander;54720;Sardinata;25142;26100;26804;9398;9901;10285;15744;16199;16519;-72.80075838;8.082013666
54;Norte de Santander;54743;Silos;6162;6380;6546;871;898;919;5291;5482;5627;-72.75706248;7.204786615
54;Norte de Santander;54800;Teorama;16193;17040;17670;2518;2659;2769;13675;14381;14901;-73.28740929;8.436377338
54;Norte de Santander;54810;Tibú;53586;56510;58721;19627;20683;21488;33959;35827;37233;-72.73591863;8.639548853
54;Norte de Santander;54820;Toledo;15440;15937;16325;5273;5492;5660;10167;10445;10665;-72.48510732;7.310031828
54;Norte de Santander;54871;Villa Caro;4996;5172;5303;2179;2289;2372;2817;2883;2931;-72.97365239;7.914278305
54;Norte de Santander;54874;Villa del Rosario;101952;107288;111254;98637;103942;107991;3315;3346;3263;-72.47006734;7.847487432
63;Quindio;63001;Armenia;295208;300194;304764;287245;292273;297052;7963;7921;7712;-75.68075076;4.535989502
63;Quindio;63111;Buenavista;3095;3107;3129;1212;1216;1225;1883;1891;1904;-75.73933006;4.360325225
63;Quindio;63130;Calarcá;72783;73872;74890;56505;57489;58426;16278;16383;16464;-75.64908836;4.515281846
63;Quindio;63190;Circasia;28162;28631;29060;21025;21501;21935;7137;7130;7125;-75.63652823;4.617792043
63;Quindio;63212;Córdoba;5642;5687;5739;3363;3414;3462;2279;2273;2277;-75.68786636;4.392485449
63;Quindio;63272;Filandia;12066;12154;12259;6640;6771;6894;5426;5383;5365;-75.65868588;4.674145572
63;Quindio;63302;Génova;7516;7455;7447;4269;4253;4265;3247;3202;3182;-75.78981661;4.207477888
63;Quindio;63401;La Tebaida;33451;34172;34803;29752;30687;31530;3699;3485;3273;-75.78646018;4.453650416
63;Quindio;63470;Montenegro;36751;37127;37518;30130;30571;31015;6621;6556;6503;-75.75181224;4.562959743
63;Quindio;63548;Pijao;5219;5146;5121;2977;2944;2938;2242;2202;2183;-75.703317;4.33503789
63;Quindio;63594;Quimbaya;30751;30911;31142;24913;25189;25493;5838;5722;5649;-75.7650742;4.624386086
63;Quindio;63690;Salento;9260;9399;9529;3879;3947;4011;5381;5452;5518;-75.57084419;4.637156761
66;Risaralda;66001;Pereira;467269;472406;477027;385838;392641;399283;81431;79765;77744;-75.71712306;4.805680265
66;Risaralda;66045;Apía;12406;12276;12221;5453;5471;5506;6953;6805;6715;-75.94193069;5.105739367
66;Risaralda;66075;Balboa;6423;6348;6297;1518;1506;1504;4905;4842;4793;-75.96022168;4.945769195
66;Risaralda;66088;Belén de Umbría;24690;24660;24708;12460;12615;12786;12230;12045;11922;-75.86821852;5.200645376
66;Risaralda;66170;Dosquebradas;217178;220771;223782;204280;209127;213520;12898;11644;10262;-75.68246912;4.827187832
66;Risaralda;66318;Guática;12158;12108;12110;3558;3621;3683;8600;8487;8427;-75.7993628;5.316209512
66;Risaralda;66383;La Celia;7514;7448;7426;2881;2887;2907;4633;4561;4519;-76.00307565;5.002847301
66;Risaralda;66400;La Virginia;27923;27916;27981;27189;27231;27350;734;685;631;-75.88405843;4.898666957
66;Risaralda;66440;Marsella;16940;16782;16716;8521;8669;8813;8419;8113;7903;-75.73858326;4.935559519
66;Risaralda;66456;Mistrató;16950;17110;17257;3892;3929;3974;13058;13181;13283;-75.88286047;5.297059061
66;Risaralda;66572;Pueblo Rico;16156;16309;16450;2740;2773;2810;13416;13536;13640;-76.03066815;5.221912104
66;Risaralda;66594;Quinchía;27292;27235;27274;7209;7272;7351;20083;19963;19923;-75.7304126;5.34044568
66;Risaralda;66682;Santa Rosa de Cabal;77838;78636;79372;64297;65452;66571;13541;13184;12801;-75.62001066;4.867526454
66;Risaralda;66687;Santuario;12664;12506;12434;6328;6339;6375;6336;6167;6059;-75.96211553;5.072781139
68;Santander;68001;Bucaramanga;581130;595635;607428;570752;585338;597316;10378;10297;10112;-73.13259818;7.116267276
68;Santander;68013;Aguada;1855;1858;1867;313;321;328;1542;1537;1539;-73.52323684;6.162237533
68;Santander;68020;Albania;4129;4242;4336;597;615;630;3532;3627;3706;-73.91385377;5.75887024
68;Santander;68051;Aratoca;8229;8368;8487;2380;2452;2513;5849;5916;5974;-73.01784989;6.694439966
68;Santander;68077;Barbosa;31050;31940;32653;23249;23970;24589;7801;7970;8064;-73.61599887;5.932609875
68;Santander;68079;Barichara;10486;10674;10815;3113;3167;3221;7373;7507;7594;-73.22309933;6.634229273
68;Santander;68081;Barrancabermeja;203537;207494;210729;177272;180595;183730;26265;26899;26999;-73.84995698;7.064963864
68;Santander;68092;Betulia;5941;6003;6061;1313;1334;1355;4628;4669;4706;-73.28366913;6.899525365
68;Santander;68101;Bolívar;11287;11073;10980;1495;1511;1524;9792;9562;9456;-73.77134641;5.988952616
68;Santander;68121;Cabrera;1937;1983;2021;395;407;417;1542;1576;1604;-73.2465029;6.592260802
68;Santander;68132;California;2130;2186;2232;931;964;993;1199;1222;1239;-72.9463583;7.347884751
68;Santander;68147;Capitanejo;5505;5479;5479;3452;3490;3532;2053;1989;1947;-72.69919959;6.533179982
68;Santander;68152;Carcasí;4292;4263;4259;640;616;595;3652;3647;3664;-72.62708287;6.628732408
68;Santander;68160;Cepitá;2015;2018;2025;517;535;550;1498;1483;1475;-72.97353646;6.753518402
68;Santander;68162;Cerrito;6729;6838;6933;3329;3430;3516;3400;3408;3417;-72.69234535;6.844243582
68;Santander;68167;Charalá;12270;12256;12272;7218;7326;7434;5052;4930;4838;-73.14687039;6.284348897
68;Santander;68169;Charta;2888;2883;2888;716;730;742;2172;2153;2146;-72.96879846;7.280820472
68;Santander;68176;Chima;2875;2865;2866;810;830;848;2065;2035;2018;-73.37374774;6.344351721
68;Santander;68179;Chipatá;5075;5084;5093;637;640;645;4438;4444;4448;-73.63711064;6.062520904
68;Santander;68190;Cimitarra;32947;33750;34403;13943;14658;15273;19004;19092;19130;-73.95258212;6.320681867
68;Santander;68207;Concepción;5738;5738;5757;2780;2818;2856;2958;2920;2901;-72.69459425;6.768836528
68;Santander;68209;Confines;3159;3233;3294;687;713;734;2472;2520;2560;-73.24055388;6.35732749
68;Santander;68211;Contratación;3679;3683;3699;2798;2814;2840;881;869;859;-73.47442637;6.290561328
68;Santander;68217;Coromoro;5015;5009;5024;723;742;759;4292;4267;4265;-73.04081675;6.294994914
68;Santander;68229;Curití;12717;13028;13283;4577;4715;4834;8140;8313;8449;-73.06939052;6.605106785
68;Santander;68235;El Carmen de Chucurí;20916;21415;21820;2821;3000;3174;18095;18415;18646;-73.51126774;6.697911451
68;Santander;68245;El Guacamayo;2167;2119;2085;677;697;715;1490;1422;1370;-73.49689291;6.245119007
68;Santander;68250;El Peñón;5279;5405;5507;712;733;752;4567;4672;4755;-73.81691092;6.054277046
68;Santander;68255;El Playón;13713;13882;14038;7037;7242;7415;6676;6640;6623;-73.20287793;7.470719593
68;Santander;68264;Encino;2552;2567;2583;526;546;562;2026;2021;2021;-73.09873802;6.137402497
68;Santander;68266;Enciso;3461;3444;3445;849;875;897;2612;2569;2548;-72.69964704;6.66803389
68;Santander;68271;Florián;5562;5569;5589;1218;1255;1286;4344;4314;4303;-73.97142307;5.804666368
68;Santander;68276;Floridablanca;291935;300730;307896;280025;288483;295724;11910;12247;12172;-73.09903262;7.072360403
68;Santander;68296;Galán;2886;2883;2891;812;824;838;2074;2059;2053;-73.28776473;6.638415002
68;Santander;68298;Gámbita;4021;4008;4013;653;669;681;3368;3339;3332;-73.34418354;5.945981203
68;Santander;68307;Girón;160403;166843;171904;141107;147364;152582;19296;19479;19322;-73.16825587;7.072775109
68;Santander;68318;Guaca;5916;5900;5909;1508;1550;1586;4408;4350;4323;-72.85632201;6.876563452
68;Santander;68320;Guadalupe;4511;4473;4468;1693;1698;1711;2818;2775;2757;-73.41929203;6.245846765
68;Santander;68322;Guapotá;2375;2394;2413;665;682;697;1710;1712;1716;-73.32069909;6.308588013
68;Santander;68324;Guavatá;4230;4200;4191;1027;1043;1052;3203;3157;3139;-73.7008021;5.954136076
68;Santander;68327;Güepsa;5114;5222;5309;3071;3164;3243;2043;2058;2066;-73.57532595;6.024849176
68;Santander;68344;Hato;2328;2349;2370;657;677;694;1671;1672;1676;-73.30814481;6.542963886
68;Santander;68368;Jesús María;3342;3337;3339;719;723;729;2623;2614;2610;-73.78332817;5.876543464
68;Santander;68370;Jordán;1314;1325;1336;99;103;107;1215;1222;1229;-73.09605306;6.732727095
68;Santander;68377;La Belleza;6198;6174;6178;1696;1746;1789;4502;4428;4389;-73.96562587;5.859549848
68;Santander;68385;Landázuri;10384;10482;10588;3182;3288;3382;7202;7194;7206;-73.81108528;6.218748615
68;Santander;68397;La Paz;4953;4921;4917;756;761;768;4197;4160;4149;-73.58959003;6.178509326
68;Santander;68406;Lebrija;41835;43145;44169;22732;23825;24701;19103;19320;19468;-73.21955144;7.113356081
68;Santander;68418;Los Santos;14106;14485;14787;1643;1693;1735;12463;12792;13052;-73.10265667;6.755175194
68;Santander;68425;Macaravita;2171;2125;2104;280;284;289;1891;1841;1815;-72.59310546;6.506580428
68;Santander;68432;Málaga;20945;21339;21672;18091;18445;18770;2854;2894;2902;-72.7323798;6.703058458
68;Santander;68444;Matanza;4976;4999;5035;1445;1449;1454;3531;3550;3581;-73.01556564;7.323175124
68;Santander;68464;Mogotes;10527;10576;10647;4135;4211;4281;6392;6365;6366;-72.96981379;6.475209953
68;Santander;68468;Molagavita;4137;4105;4106;620;626;632;3517;3479;3474;-72.80947223;6.674357231
68;Santander;68498;Ocamonte;5661;5740;5810;809;833;853;4852;4907;4957;-73.12256304;6.33998773
68;Santander;68500;Oiba;10800;11004;11175;4791;4936;5060;6009;6068;6115;-73.29978602;6.265175133
68;Santander;68502;Onzaga;4183;4111;4082;1232;1246;1261;2951;2865;2821;-72.81675984;6.344093685
68;Santander;68522;Palmar;1361;1386;1407;467;481;493;894;905;914;-73.29109018;6.537789332
68;Santander;68524;Palmas del Socorro;2535;2584;2626;779;803;823;1756;1781;1803;-73.28776397;6.406138656
68;Santander;68533;Páramo;4654;4773;4869;1251;1306;1354;3403;3467;3515;-73.17039954;6.416592378
68;Santander;68547;Piedecuesta;170625;177586;182959;139273;145443;150483;31352;32143;32476;-73.05466085;6.997475804
68;Santander;68549;Pinchote;5162;5285;5385;1072;1121;1162;4090;4164;4223;-73.17291432;6.53206027
68;Santander;68572;Puente Nacional;14654;14740;14844;5440;5547;5647;9214;9193;9197;-73.6781341;5.877962665
68;Santander;68573;Puerto Parra;7640;7846;8017;2605;2703;2791;5035;5143;5226;-74.05609429;6.650806702
68;Santander;68575;Puerto Wilches;32791;33572;34206;16175;16663;17082;16616;16909;17124;-73.89933402;7.349066144
68;Santander;68615;Rionegro;26438;26746;27062;6338;6486;6622;20100;20260;20440;-73.15014691;7.265010486
68;Santander;68655;Sabana de Torres;33055;33887;34556;22512;23192;23775;10543;10695;10781;-73.49905016;7.391911944
68;Santander;68669;San Andrés;8683;8613;8596;3121;3149;3183;5562;5464;5413;-72.84880424;6.812310152
68;Santander;68673;San Benito;2950;2957;2972;277;285;293;2673;2672;2679;-73.50938735;6.126244581
68;Santander;68679;San Gil;56037;58032;59670;49050;50576;51874;6987;7456;7796;-73.1368815;6.555609467
68;Santander;68682;San Joaquín;2241;2215;2208;819;828;838;1422;1387;1370;-72.86763812;6.427547936
68;Santander;68684;San José de Miranda;4367;4313;4289;889;895;903;3478;3418;3386;-72.73361596;6.658994797
68;Santander;68686;San Miguel;2531;2494;2478;629;645;658;1902;1849;1820;-72.64415509;6.575625393
68;Santander;68689;San Vicente de Chucurí;33133;33414;33593;12288;12485;12681;20845;20929;20912;-73.41102393;6.880382935
68;Santander;68705;Santa Bárbara;2401;2425;2448;265;273;280;2136;2152;2168;-72.90733628;6.990510681
68;Santander;68720;Santa Helena del Opón;3389;3393;3411;768;791;811;2621;2602;2600;-73.61679327;6.33964535
68;Santander;68745;Simacota;10042;10138;10226;2185;2250;2305;7857;7888;7921;-73.33736767;6.443471137
68;Santander;68755;Socorro;32158;32965;33628;26232;27041;27736;5926;5924;5892;-73.26119642;6.463855516
68;Santander;68770;Suaita;10031;10086;10158;2136;2157;2182;7895;7929;7976;-73.43841636;6.103542295
68;Santander;68773;Sucre;7202;7103;7064;550;550;550;6652;6553;6514;-73.79097463;5.918743412
68;Santander;68780;Suratá;3975;3977;3987;909;925;934;3066;3052;3053;-72.98423197;7.366579569
68;Santander;68820;Tona;7373;7562;7718;538;554;568;6835;7008;7150;-72.96601826;7.202735241
68;Santander;68855;Valle de San José;6084;6222;6336;2408;2481;2543;3676;3741;3793;-73.14373727;6.447789687
68;Santander;68861;Vélez;24356;24843;25219;13159;13557;13897;11197;11286;11322;-73.66629907;6.010953449
68;Santander;68867;Vetas;2114;2142;2168;729;722;722;1385;1420;1446;-72.87104088;7.309810023
68;Santander;68872;Villanueva;7873;7927;7982;4564;4702;4820;3309;3225;3162;-73.17430669;6.670077672
68;Santander;68895;Zapatoca;9466;9507;9566;6274;6296;6339;3192;3211;3227;-73.26791008;6.8143389
70;Sucre;70001;Sincelejo;277773;286635;293951;249323;254957;259435;28450;31678;34516;-75.39548356;9.302333104
70;Sucre;70110;Buenavista;10441;10727;10964;8317;8504;8653;2124;2223;2311;-74.973015;9.319857278
70;Sucre;70124;Caimito;15231;15668;16028;3821;3902;3966;11410;11766;12062;-75.11714082;8.789323934
70;Sucre;70204;Colosó;8623;8670;8732;3832;3810;3792;4791;4860;4940;-75.35325675;9.494192858
70;Sucre;70215;Corozal;67371;69268;70853;51372;52540;53468;15999;16728;17385;-75.29316717;9.319105571
70;Sucre;70221;Coveñas;18250;18892;19516;10856;11224;11625;7394;7668;7891;-75.6918671;9.402463394
70;Sucre;70230;Chalán;4466;4537;4604;2853;2890;2919;1613;1647;1685;-75.31269631;9.545351624
70;Sucre;70233;El Roble;9944;10215;10439;4340;4436;4512;5604;5779;5927;-75.1988311;9.099531847
70;Sucre;70235;Galeras;21982;22673;23238;11997;12268;12483;9985;10405;10755;-75.04942002;9.159672619
70;Sucre;70265;Guaranda;17713;18198;18601;7122;7293;7425;10591;10905;11176;-74.53834542;8.464847043
70;Sucre;70400;La Unión;12349;12701;12994;5934;6078;6189;6415;6623;6805;-75.2760558;8.85397531
70;Sucre;70418;Los Palmitos;22880;23420;23884;11137;11344;11501;11743;12076;12383;-75.26874889;9.380228408
70;Sucre;70429;Majagual;36650;37564;38306;10205;10558;10859;26445;27006;27447;-74.6281014;8.540712996
70;Sucre;70473;Morroa;15061;15495;15858;9031;9294;9491;6030;6201;6367;-75.30619978;9.331319381
70;Sucre;70508;Ovejas;22871;23148;23436;11409;11553;11671;11462;11595;11765;-75.22908444;9.526687239
70;Sucre;70523;Palmito;14114;14635;15056;4905;5026;5125;9209;9609;9931;-75.54125915;9.333108298
70;Sucre;70670;Sampués;46455;47746;48819;23452;24051;24511;23003;23695;24308;-75.38019123;9.183205955
70;Sucre;70678;San Benito Abad;28673;29282;29774;5966;6092;6191;22707;23190;23583;-75.03116081;8.92997106
70;Sucre;70702;San Juan de Betulia;13535;13892;14191;6907;7024;7119;6628;6868;7072;-75.24356454;9.273065988
70;Sucre;70708;San Marcos;57672;59254;60566;32275;32884;33366;25397;26370;27200;-75.1323976;8.664828891
70;Sucre;70713;San Onofre;49633;50423;51109;19008;19408;19722;30625;31015;31387;-75.5230307;9.736932014
70;Sucre;70717;San Pedro;18590;18920;19210;12204;12323;12417;6386;6597;6793;-75.0634897;9.395963637
70;Sucre;70742;San Luis de Sincé;30773;31365;31903;22672;22923;23146;8101;8442;8757;-75.14603305;9.244195993
70;Sucre;70771;Sucre;29552;30253;30814;7205;7261;7293;22347;22992;23521;-74.72322511;8.811740746
70;Sucre;70820;Santiago de Tolú;32922;33553;34117;26401;26982;27435;6521;6571;6682;-75.58129872;9.525473229
70;Sucre;70823;Tolú Viejo;21339;21850;22289;6545;6673;6771;14794;15177;15518;-75.44082177;9.451844699
73;Tolima;73001;Ibagué;529635;536087;541101;492554;497603;501991;37081;38484;39110;-75.19371478;4.439608991
73;Tolima;73024;Alpujarra;4544;4493;4458;1991;1999;2004;2553;2494;2454;-74.93286382;3.391731289
73;Tolima;73026;Alvarado;8697;8710;8715;3236;3270;3299;5461;5440;5416;-74.95355714;4.567343598
73;Tolima;73030;Ambalema;6657;6596;6561;5261;5217;5197;1396;1379;1364;-74.76444089;4.782633993
73;Tolima;73043;Anzoátegui;10217;10110;10006;1469;1445;1432;8748;8665;8574;-75.09645074;4.627473618
73;Tolima;73055;Armero;12696;12335;12038;8184;7845;7573;4512;4490;4465;-74.884413;5.030678392
73;Tolima;73067;Ataco;19330;19195;19117;4820;4829;4835;14510;14366;14282;-75.38253426;3.590635737
73;Tolima;73124;Cajamarca;18471;18443;18442;9461;9464;9478;9010;8979;8964;-75.43548526;4.436672762
73;Tolima;73148;Carmen de Apicalá;10117;10306;10448;7627;7762;7869;2490;2544;2579;-74.71616942;4.147912057
73;Tolima;73152;Casabianca;6373;6326;6297;1720;1688;1658;4653;4638;4639;-75.12096615;5.078464508
73;Tolima;73168;Chaparral;50367;50565;50741;28615;28802;28976;21752;21763;21765;-75.48074305;3.723068376
73;Tolima;73200;Coello;8248;8286;8320;1482;1497;1511;6766;6789;6809;-74.89846435;4.28727555
73;Tolima;73217;Coyaima;22813;22610;22490;3836;3861;3884;18977;18749;18606;-75.1938783;3.79802798
73;Tolima;73226;Cunday;8745;8518;8372;2397;2377;2366;6348;6141;6006;-74.69222722;4.059259258
73;Tolima;73236;Dolores;8359;8250;8185;3503;3423;3374;4856;4827;4811;-74.89684475;3.539036003
73;Tolima;73268;Espinal;70494;70769;71015;50664;50942;51211;19830;19827;19804;-74.88544976;4.151314221
73;Tolima;73270;Falan;7693;7494;7386;1764;1765;1767;5929;5729;5619;-74.95300717;5.123103863
73;Tolima;73275;Flandes;28389;28510;28615;24551;24669;24772;3838;3841;3843;-74.81876746;4.27637165
73;Tolima;73283;Fresno;31069;31124;31191;15713;15789;15858;15356;15335;15333;-75.03562715;5.153638261
73;Tolima;73319;Guamo;32940;32826;32772;16656;16642;16654;16284;16184;16118;-74.96812715;4.031003906
73;Tolima;73347;Herveo;7363;7266;7213;2179;2173;2174;5184;5093;5039;-75.17715109;5.080227525
73;Tolima;73349;Honda;24693;24585;24542;23658;23384;23253;1035;1201;1289;-74.74157797;5.201508899
73;Tolima;73352;Icononzo;11887;11891;11893;3595;3611;3625;8292;8280;8268;-74.53197619;4.176436205
73;Tolima;73408;Lérida;18574;18598;18617;13735;13824;13908;4839;4774;4709;-74.91063436;4.862025346
73;Tolima;73411;Líbano;36773;36432;36231;23605;23386;23290;13168;13046;12941;-75.06342093;4.923442374
73;Tolima;73443;San Sebastián de Mariquita;37770;38084;38333;27907;28091;28263;9863;9993;10070;-74.88929482;5.199691183
73;Tolima;73449;Melgar;36536;37191;37682;29749;30280;30709;6787;6911;6973;-74.6298504;4.208154892
73;Tolima;73461;Murillo;4113;4129;4143;1758;1760;1761;2355;2369;2382;-75.17078682;4.875071014
73;Tolima;73483;Natagaima;14835;14722;14672;7841;7889;7934;6994;6833;6738;-75.093478;3.624858538
73;Tolima;73504;Ortega;34607;34453;34320;6946;6991;7033;27661;27462;27287;-75.2226011;3.934916387
73;Tolima;73520;Palocabildo;9730;9773;9814;3000;3030;3061;6730;6743;6753;-75.02219757;5.120971969
73;Tolima;73547;Piedras;6711;6737;6761;2280;2296;2311;4431;4441;4450;-74.87807399;4.543908286
73;Tolima;73555;Planadas;25764;25785;25799;6736;6780;6821;19028;19005;18978;-75.64396147;3.19766147
73;Tolima;73563;Prado;8498;8443;8415;3745;3758;3769;4753;4685;4646;-74.92745557;3.751013234
73;Tolima;73585;Purificación;23536;23527;23538;13186;13282;13374;10350;10245;10164;-74.92864619;3.859379857
73;Tolima;73616;Rioblanco;22771;22660;22617;3724;3740;3757;19047;18920;18860;-75.64438767;3.52986323
73;Tolima;73622;Roncesvalles;5459;5467;5479;1875;1876;1877;3584;3591;3602;-75.60600233;4.01159776
73;Tolima;73624;Rovira;21674;21556;21491;10080;10146;10207;11594;11410;11284;-75.2408683;4.238932685
73;Tolima;73671;Saldaña;14435;14450;14473;8502;8519;8544;5933;5931;5929;-75.016069;3.926792658
73;Tolima;73675;San Antonio;12896;12691;12570;4351;4294;4265;8545;8397;8305;-75.48090671;3.912976052
73;Tolima;73678;San Luis;13553;13481;13451;3765;3766;3772;9788;9715;9679;-75.09578719;4.133720614
73;Tolima;73686;Santa Isabel;5769;5710;5673;2171;2153;2144;3598;3557;3529;-75.09793439;4.713605767
73;Tolima;73770;Suárez;3813;3788;3772;1539;1548;1557;2274;2240;2215;-74.83188311;4.048884259
73;Tolima;73854;Valle de San Juan;5345;5353;5360;2104;2123;2140;3241;3230;3220;-75.11566923;4.197493673
73;Tolima;73861;Venadillo;12817;12751;12723;8639;8676;8715;4178;4075;4008;-74.92917085;4.717966593
73;Tolima;73870;Villahermosa;9283;9216;9186;3364;3354;3353;5919;5862;5833;-75.1177291;5.030452282
73;Tolima;73873;Villarrica;5128;5021;4960;1968;1925;1902;3160;3096;3058;-74.60029555;3.936745138
76;Valle del Cauca;76001;Cali;2227642;2241491;2252616;2172527;2190363;2205680;55115;51128;46936;-76.52156515;3.414414305
76;Valle del Cauca;76020;Alcalá;14062;14189;14295;10398;10484;10557;3664;3705;3738;-75.77981387;4.674989542
76;Valle del Cauca;76036;Andalucía;22436;22515;22594;17413;17556;17679;5023;4959;4915;-76.1679212;4.171724416
76;Valle del Cauca;76041;Ansermanuevo;17448;17348;17316;10285;10369;10441;7163;6979;6875;-75.99198067;4.794922714
76;Valle del Cauca;76054;Argelia;5397;5258;5177;2852;2811;2790;2545;2447;2387;-76.11990571;4.726946265
76;Valle del Cauca;76100;Bolívar;16021;15828;15714;4414;4435;4452;11607;11393;11262;-76.18357386;4.337842204
76;Valle del Cauca;76109;Buenaventura;308188;310194;311827;235064;236992;238648;73124;73202;73179;-77.0117402;3.875802437
76;Valle del Cauca;76111;Guadalajara de Buga;127545;128316;128945;110905;110211;109753;16640;18105;19192;-76.29896113;3.900823544
76;Valle del Cauca;76113;Bugalagrande;24318;24400;24465;12670;12659;12647;11648;11741;11818;-76.15680774;4.208331592
76;Valle del Cauca;76122;Caicedonia;28825;28609;28521;23840;23678;23608;4985;4931;4913;-75.83031805;4.334609694
76;Valle del Cauca;76126;Calima;18054;18171;18266;11469;11564;11646;6585;6607;6620;-76.48439175;3.933524463
76;Valle del Cauca;76130;Candelaria;91825;93183;94211;23579;23773;23940;68246;69410;70271;-76.34642891;3.407766466
76;Valle del Cauca;76147;Cartago;135729;136596;137302;131641;132199;132653;4088;4397;4649;-75.94226404;4.758755098
76;Valle del Cauca;76233;Dagua;48443;48758;49015;10930;10984;11025;37513;37774;37990;-76.68887101;3.657308485
76;Valle del Cauca;76243;El Águila;8909;8696;8562;2407;2378;2360;6502;6318;6202;-76.04129907;4.90961334
76;Valle del Cauca;76246;El Cairo;6845;6637;6506;3198;3151;3122;3647;3486;3384;-76.22160351;4.7608831
76;Valle del Cauca;76248;El Cerrito;56470;56835;57133;35977;36068;36160;20493;20767;20973;-76.31172554;3.684258941
76;Valle del Cauca;76250;El Dovio;8886;8711;8616;5397;5399;5413;3489;3312;3203;-76.23708411;4.510452885
76;Valle del Cauca;76275;Florida;57374;57696;57961;40195;40285;40411;17179;17411;17550;-76.23450174;3.323918106
76;Valle del Cauca;76306;Ginebra;22741;22908;23046;10242;10358;10449;12499;12550;12597;-76.26806789;3.724181147
76;Valle del Cauca;76318;Guacarí;33191;33405;33578;20421;20589;20733;12770;12816;12845;-76.33136735;3.762909008
76;Valle del Cauca;76364;Jamundí;159877;164159;167147;123615;127409;130114;36262;36750;37033;-76.54245873;3.26227576
76;Valle del Cauca;76377;La Cumbre;16316;16422;16509;2901;2925;2945;13415;13497;13564;-76.56793222;3.649447161
76;Valle del Cauca;76400;La Unión;33953;34244;34493;26991;27329;27603;6962;6915;6890;-76.09960718;4.533783288
76;Valle del Cauca;76403;La Victoria;12174;11981;11867;9082;9022;9001;3092;2959;2866;-76.03652878;4.523603264
76;Valle del Cauca;76497;Obando;12312;12140;12042;8949;9036;9114;3363;3104;2928;-75.97468873;4.575722705
76;Valle del Cauca;76520;Palmira;349294;352016;354285;275254;277519;279465;74040;74497;74820;-76.29858255;3.532349153
76;Valle del Cauca;76563;Pradera;47615;47918;48165;41422;41761;42052;6193;6157;6113;-76.24182023;3.419827409
76;Valle del Cauca;76606;Restrepo;15307;15295;15304;10047;10130;10201;5260;5165;5103;-76.52311704;3.821348382
76;Valle del Cauca;76616;Riofrío;15554;15483;15463;7358;7356;7348;8196;8127;8115;-76.28831268;4.156904989
76;Valle del Cauca;76622;Roldanillo;36797;36767;36786;27626;27854;28050;9171;8913;8736;-76.15228663;4.4135962
76;Valle del Cauca;76670;San Pedro;16942;17082;17201;7571;7686;7776;9371;9396;9425;-76.22853779;3.994992607
76;Valle del Cauca;76736;Sevilla;42133;41503;41153;31816;31496;31331;10317;10007;9822;-75.93094058;4.267033273
76;Valle del Cauca;76823;Toro;14612;14467;14389;9968;9958;9972;4644;4509;4417;-76.0768535;4.608084546
76;Valle del Cauca;76828;Trujillo;19226;19073;18982;8857;8930;8992;10369;10143;9990;-76.31880894;4.212050806
76;Valle del Cauca;76834;Tuluá;212685;215978;218812;174951;176619;178030;37734;39359;40782;-76.19769968;4.085261239
76;Valle del Cauca;76845;Ulloa;5465;5412;5381;2549;2506;2477;2916;2906;2904;-75.73774747;4.702513911
76;Valle del Cauca;76863;Versalles;7263;7070;6950;4094;4082;4084;3169;2988;2866;-76.19920358;4.575018566
76;Valle del Cauca;76869;Vijes;12734;12817;12884;7899;8016;8108;4835;4801;4776;-76.44196521;3.698587929
76;Valle del Cauca;76890;Yotoco;16019;16117;16197;8326;8383;8431;7693;7734;7766;-76.38247445;3.861214584
76;Valle del Cauca;76892;Yumbo;107334;108889;110069;92630;93991;95072;14704;14898;14997;-76.49981978;3.528968908
76;Valle del Cauca;76895;Zarzal;41925;42191;42407;31812;32042;32227;10113;10149;10180;-76.07084935;4.392621473
81;Arauca;81001;Arauca;85585;91875;96814;74195;79286;83256;11390;12589;13558;-70.74635031;7.077358544
81;Arauca;81065;Arauquita;49841;53407;56209;13720;14796;15678;36121;38611;40531;-71.42675118;7.026981415
81;Arauca;81220;Cravo Norte;3925;4042;4143;2682;2813;2920;1243;1229;1223;-70.20428555;6.303912752
81;Arauca;81300;Fortul;18938;19659;20148;9886;10575;11112;9052;9084;9036;-71.7685578;6.797075753
81;Arauca;81591;Puerto Rondón;4399;4688;4919;2952;3154;3312;1447;1534;1607;-71.09774286;6.283851501
81;Arauca;81736;Saravena;55554;59697;63004;42415;45327;47597;13139;14370;15407;-71.87233343;6.95385957
81;Arauca;81794;Tame;43932;46741;48969;26784;27905;28711;17148;18836;20258;-71.75861086;6.449379486
85;Casanare;85001;Yopal;168433;173610;177688;143619;148434;152421;24814;25176;25267;-72.39691516;5.327612651
85;Casanare;85010;Aguazul;36915;37513;38010;26517;27183;27750;10398;10330;10260;-72.54630026;5.172690765
85;Casanare;85015;Chámeza;2500;2571;2634;1499;1537;1570;1001;1034;1064;-72.87023558;5.214311749
85;Casanare;85125;Hato Corozal;12328;12203;12108;5167;5304;5421;7161;6899;6687;-71.76492254;6.156172443
85;Casanare;85136;La Salina;1417;1385;1369;636;652;666;781;733;703;-72.33388167;6.127825385
85;Casanare;85139;Maní;17211;17359;17463;11216;11459;11660;5995;5900;5803;-72.28139845;4.81682686
85;Casanare;85162;Monterrey;17537;17797;18009;12178;12487;12751;5359;5310;5258;-72.89503614;4.876845436
85;Casanare;85225;Nunchía;8826;8738;8713;1904;1949;1988;6922;6789;6725;-72.19507104;5.636662597
85;Casanare;85230;Orocué;12340;12514;12652;5376;5516;5635;6964;6998;7017;-71.33851792;4.790269665
85;Casanare;85250;Paz de Ariporo;36277;36861;37347;24933;25103;25302;11344;11758;12045;-71.89092396;5.88003657
85;Casanare;85263;Pore;11967;12001;12059;6822;6966;7083;5145;5035;4976;-71.9928596;5.727729878
85;Casanare;85279;Recetor;1634;1718;1796;312;320;327;1322;1398;1469;-72.76114606;5.229493648
85;Casanare;85300;Sabanalarga;3625;3583;3569;1781;1768;1765;1844;1815;1804;-73.03872338;4.854617866
85;Casanare;85315;Sácama;2090;2073;2059;1020;1043;1063;1070;1030;996;-72.25027589;6.09697492
85;Casanare;85325;San Luis de Palenque;8466;8378;8346;3058;3028;3005;5408;5350;5341;-71.73292506;5.420887071
85;Casanare;85400;Támara;6873;6671;6567;1634;1577;1547;5239;5094;5020;-72.16182524;5.829826597
85;Casanare;85410;Tauramena;23527;24445;25173;14549;15247;15811;8978;9198;9362;-72.74725192;5.01920526
85;Casanare;85430;Trinidad;13233;13350;13449;6891;7066;7215;6342;6284;6234;-71.6633409;5.412214716
85;Casanare;85440;Villanueva;35305;35793;36184;26322;26647;26991;8983;9146;9193;-72.92746843;4.609799108
86;Putumayo;86001;Mocoa;56398;57716;58938;38457;39629;40689;17941;18087;18249;-76.65027142;1.152296118
86;Putumayo;86219;Colón;5407;5469;5530;3419;3417;3434;1988;2052;2096;-76.97230179;1.189825988
86;Putumayo;86320;Orito;37745;38244;38744;19833;20325;20787;17912;17919;17957;-76.87302769;0.663816899
86;Putumayo;86568;Puerto Asís;64867;66084;67211;38901;39733;40549;25966;26351;26662;-76.49727285;0.505046722
86;Putumayo;86569;Puerto Caicedo;16095;16033;16007;6089;6248;6397;10006;9785;9610;-76.60483235;0.684841656
86;Putumayo;86571;Puerto Guzmán;35390;36052;36665;4629;4714;4792;30761;31338;31873;-76.40852154;0.962922439
86;Putumayo;86573;Puerto Leguízamo;28468;29001;29494;12755;13036;13296;15713;15965;16198;-74.78247103;-0.191872849
86;Putumayo;86749;Sibundoy;14940;15217;15473;10059;10079;10150;4881;5138;5323;-76.91748216;1.200115733
86;Putumayo;86755;San Francisco;5645;5585;5567;3385;3325;3306;2260;2260;2261;-76.87923491;1.174218321
86;Putumayo;86757;San Miguel;18780;19119;19434;4912;5043;5168;13868;14076;14266;-76.91241019;0.343272204
86;Putumayo;86760;Santiago;7290;7284;7308;3476;3452;3425;3814;3832;3883;-77.00182343;1.14553777
86;Putumayo;86865;Valle del Guamuez;33457;34082;34660;14882;15299;15705;18575;18783;18955;-76.9059688;0.423904093
86;Putumayo;86885;Villagarzón;23700;23873;24096;13742;14190;14588;9958;9683;9508;-76.61716247;1.028941012
88;Archipiélago de San Andrés. Providencia y Santa Catalina;88001;San Andrés;55291;56358;57433;41400;41703;42024;13891;14655;15409;-81.69606298;12.58301369
88;Archipiélago de San Andrés. Providencia y Santa Catalina;88564;Providencia;5989;6124;6259;3493;3519;3546;2496;2605;2713;-81.3709116;13.37009985
91;Amazonas;91001;Leticia;48144;48918;49737;33503;34303;35191;14641;14615;14546;-69.94142671;-4.199836935
91;Amazonas;91263;El Encanto;2100;2077;2077;0;0;0;2100;2077;2077;-73.20930718;-1.745555377
91;Amazonas;91405;La Chorrera;2967;2947;2955;0;0;0;2967;2947;2955;-72.79558336;-1.44329152
91;Amazonas;91407;La Pedrera;3820;3882;3947;0;0;0;3820;3882;3947;-69.58842102;-1.319312591
91;Amazonas;91430;La Victoria;644;652;662;0;0;0;644;652;662;-71.223;53
91;Amazonas;91460;Mirití - Paraná;1850;1860;1879;0;0;0;1850;1860;1879;-70.98893023;-0.888832636
91;Amazonas;91530;Puerto Alegría;748;759;771;0;0;0;748;759;771;-74.01446088;-1.005673854
91;Amazonas;91536;Puerto Arica;1013;1027;1042;0;0;0;1013;1027;1042;-71.75263619;-2.148446597
91;Amazonas;91540;Puerto Nariño;9744;9997;10239;3544;3665;3786;6200;6332;6453;-70.36451835;-3.780447632
91;Amazonas;91669;Puerto Santander;1758;1765;1772;0;0;0;1758;1765;1772;-72.38421269;-0.621184474
91;Amazonas;91798;Tarapacá;3801;3869;3939;0;0;0;3801;3869;3939;-69.74176597;-2.890088948
94;Guainía;94001;Inírida;31514;32673;33683;20279;21334;22251;11235;11339;11432;-67.91883684;3.866161619
94;Guainía;94343;Barranco Minas;8088;8042;7983;0;0;0;8088;8042;7983;-69.8132491;3.494005121
94;Guainía;94663;Mapiripana;1022;1048;1071;0;0;0;1022;1048;1071;#N/A;#N/A
94;Guainía;94883;San Felipe;1667;1706;1743;0;0;0;1667;1706;1743;-67.06882712;1.910021951
94;Guainía;94884;Puerto Colombia;1874;1934;1984;0;0;0;1874;1934;1984;-67.56677875;2.726463724
94;Guainía;94885;La Guadalupe;279;288;296;0;0;0;279;288;296;-66.96373918;1.632265613
94;Guainía;94886;Cacahual;863;886;903;0;0;0;863;886;903;-67.41326289;3.526372267
94;Guainía;94887;Pana Pana;1899;1959;2011;0;0;0;1899;1959;2011;-69.00983182;1.865680719
94;Guainía;94888;Morichal;908;937;962;0;0;0;908;937;962;-69.91947849;2.265125333
95;Guaviare;95001;San José del Guaviare;52815;54333;55820;36354;37557;38684;16461;16776;17136;-72.63898622;2.566428399
95;Guaviare;95015;Calamar;9528;9801;10069;4339;4482;4617;5189;5319;5452;-72.655172;1.960108633
95;Guaviare;95025;El Retorno;13653;13684;13722;3355;3466;3570;10298;10218;10152;-72.62718599;2.330161549
95;Guaviare;95200;Miraflores;6771;6898;7046;1943;1874;1848;4828;5024;5198;-71.95054317;1.337574043
97;Vaupés;97001;Mitú;29850;31302;32793;9746;10072;10399;20104;21230;22394;-70.23475052;1.251190563
97;Vaupés;97161;Carurú;2915;3056;3201;1387;1451;1526;1528;1605;1675;-71.29779326;1.014597709
97;Vaupés;97511;Pacoa;4042;4229;4422;0;0;0;4042;4229;4422;-71.00433923;0.02069806
97;Vaupés;97666;Taraira;2215;2318;2423;957;989;1022;1258;1329;1401;-69.63900366;-0.56938554
97;Vaupés;97777;Papunahua;727;749;776;0;0;0;727;749;776;-70.76116746;1.9074028
97;Vaupés;97889;Yavaraté;1048;1067;1097;0;0;0;1048;1067;1097;-69.20333732;0.609141615
99;Vichada;99001;Puerto Carreño;20936;20474;20294;14974;15418;15697;5962;5056;4597;-67.486997;6.186864187
99;Vichada;99524;La Primavera;10122;9799;9608;5586;5823;5996;4536;3976;3612;-70.41042001;5.486337614
99;Vichada;99624;Santa Rosalía;4059;4130;4193;2383;2526;2643;1676;1604;1550;-70.85974134;5.136431386
99;Vichada;99773;Cumaribo;72691;76196;78863;2890;3143;3373;69801;73053;75490;-69.79553294;4.446352174